DATASET = ORTEC Early VeRoLog 2019 - easy
NAME = Instance 4 easy

DAYS = 45
TRUCK_CAPACITY = 18
TRUCK_MAX_DISTANCE = 2000

TRUCK_DISTANCE_COST = 10000
TRUCK_DAY_COST = 100
TRUCK_COST = 1000
TECHNICIAN_DISTANCE_COST = 10000
TECHNICIAN_DAY_COST = 10
TECHNICIAN_COST = 10000

MACHINES = 6
	1	6	206
	2	8	612
	3	5	225
	4	8	439
	5	8	796
	6	5	565

LOCATIONS = 267
	1	272	333
	2	641	477
	3	738	642
	4	738	455
	5	578	400
	6	265	512
	7	356	561
	8	360	587
	9	542	137
	10	570	259
	11	265	454
	12	521	352
	13	200	307
	14	650	574
	15	504	321
	16	581	439
	17	332	448
	18	736	431
	19	480	745
	20	271	455
	21	698	408
	22	569	692
	23	547	678
	24	210	330
	25	579	176
	26	669	722
	27	638	519
	28	306	348
	29	209	301
	30	352	512
	31	542	348
	32	390	451
	33	49	216
	34	542	420
	35	624	502
	36	264	527
	37	191	377
	38	468	388
	39	501	123
	40	708	558
	41	446	347
	42	629	669
	43	401	271
	44	265	296
	45	486	305
	46	253	498
	47	71	160
	48	470	343
	49	275	303
	50	197	394
	51	206	367
	52	263	501
	53	263	239
	54	338	307
	55	218	345
	56	248	401
	57	264	376
	58	375	372
	59	569	690
	60	329	511
	61	630	667
	62	394	427
	63	242	375
	64	545	19
	65	351	235
	66	263	315
	67	640	673
	68	157	360
	69	713	651
	70	584	183
	71	208	357
	72	140	327
	73	315	460
	74	219	422
	75	752	706
	76	117	305
	77	437	195
	78	47	205
	79	331	514
	80	438	512
	81	305	560
	82	231	339
	83	298	453
	84	272	455
	85	504	311
	86	520	289
	87	285	212
	88	677	725
	89	644	381
	90	456	355
	91	510	358
	92	520	324
	93	430	184
	94	232	349
	95	525	350
	96	586	181
	97	309	695
	98	193	372
	99	293	463
	100	480	666
	101	542	166
	102	578	705
	103	312	466
	104	223	373
	105	280	469
	106	390	205
	107	295	672
	108	349	451
	109	324	460
	110	717	705
	111	478	371
	112	370	422
	113	311	473
	114	310	260
	115	555	651
	116	316	305
	117	514	489
	118	329	513
	119	331	452
	120	273	451
	121	504	50
	122	247	346
	123	259	463
	124	287	677
	125	517	296
	126	224	239
	127	259	477
	128	359	240
	129	231	283
	130	212	339
	131	674	373
	132	512	305
	133	273	454
	134	1	158
	135	346	455
	136	224	409
	137	271	311
	138	252	341
	139	283	415
	140	266	240
	141	557	204
	142	104	211
	143	266	479
	144	360	587
	145	330	350
	146	340	239
	147	299	492
	148	479	357
	149	42	205
	150	225	342
	151	336	321
	152	347	234
	153	761	689
	154	345	301
	155	259	498
	156	232	342
	157	575	687
	158	173	186
	159	498	52
	160	420	420
	161	163	331
	162	286	665
	163	197	311
	164	357	553
	165	462	718
	166	514	684
	167	606	536
	168	334	449
	169	306	454
	170	435	511
	171	329	410
	172	381	585
	173	295	442
	174	524	29
	175	305	492
	176	536	216
	177	636	409
	178	433	363
	179	180	381
	180	478	371
	181	304	311
	182	366	238
	183	250	236
	184	626	711
	185	451	712
	186	308	476
	187	459	350
	188	315	375
	189	442	466
	190	214	235
	191	455	375
	192	541	50
	193	160	316
	194	162	363
	195	629	730
	196	480	209
	197	383	175
	198	350	390
	199	250	228
	200	318	461
	201	590	351
	202	279	449
	203	179	342
	204	485	141
	205	264	314
	206	383	405
	207	299	446
	208	233	382
	209	345	403
	210	308	482
	211	426	386
	212	306	445
	213	651	431
	214	735	756
	215	153	289
	216	116	272
	217	487	613
	218	450	714
	219	279	347
	220	612	393
	221	315	318
	222	564	226
	223	382	309
	224	191	386
	225	472	462
	226	396	574
	227	394	272
	228	519	371
	229	737	436
	230	191	395
	231	451	634
	232	197	376
	233	499	17
	234	74	276
	235	49	162
	236	512	29
	237	328	309
	238	212	362
	239	556	547
	240	206	346
	241	350	561
	242	612	347
	243	544	656
	244	327	477
	245	269	455
	246	319	482
	247	251	330
	248	226	334
	249	328	499
	250	611	668
	251	449	335
	252	267	549
	253	260	333
	254	244	286
	255	332	444
	256	263	475
	257	567	337
	258	718	451
	259	256	466
	260	246	319
	261	319	495
	262	327	516
	263	82	201
	264	563	776
	265	674	616
	266	713	441
	267	391	448

REQUESTS = 750
	1	219	1	4	3	1
	2	162	1	5	2	1
	3	184	1	2	6	1
	4	50	1	4	4	1
	5	34	1	4	5	1
	6	3	1	3	1	2
	7	73	1	6	5	1
	8	106	1	3	5	2
	9	233	1	3	4	2
	10	68	1	2	1	2
	11	206	1	6	5	2
	12	119	1	3	6	1
	13	102	2	4	2	1
	14	161	2	7	4	1
	15	147	2	6	4	1
	16	95	2	5	5	2
	17	218	2	4	5	1
	18	49	2	4	5	1
	19	198	2	7	3	2
	20	13	2	4	3	2
	21	190	2	4	1	3
	22	232	2	6	1	3
	23	92	2	6	5	2
	24	69	2	7	1	1
	25	26	3	7	3	3
	26	126	3	4	1	2
	27	117	3	5	5	2
	28	24	3	7	5	2
	29	25	3	6	6	3
	30	86	3	7	4	2
	31	241	3	4	3	3
	32	214	3	6	6	3
	33	246	3	8	2	2
	34	83	3	5	3	1
	35	50	3	5	3	3
	36	55	3	8	5	2
	37	97	3	8	6	1
	38	100	3	6	2	2
	39	232	3	6	5	2
	40	40	3	5	6	1
	41	176	3	5	4	1
	42	172	3	8	3	2
	43	187	3	5	5	1
	44	127	3	4	4	2
	45	208	3	7	2	1
	46	107	3	4	1	1
	47	23	3	5	1	1
	48	198	3	4	5	2
	49	157	4	9	1	3
	50	20	4	5	3	1
	51	155	4	5	4	1
	52	149	4	6	5	2
	53	40	4	5	4	2
	54	20	4	8	6	1
	55	204	4	6	3	2
	56	216	4	5	2	1
	57	39	4	7	1	1
	58	221	4	7	2	2
	59	35	4	6	3	2
	60	152	4	8	3	2
	61	47	4	8	3	1
	62	227	4	6	4	1
	63	222	4	9	3	2
	64	59	4	9	5	2
	65	209	4	6	5	1
	66	117	4	5	1	2
	67	46	4	8	4	2
	68	119	4	6	1	2
	69	84	4	9	5	2
	70	249	4	8	1	3
	71	189	5	6	3	1
	72	176	5	8	5	1
	73	120	5	10	4	2
	74	165	5	10	6	3
	75	158	5	6	5	2
	76	14	5	10	5	1
	77	197	5	6	5	2
	78	238	5	9	1	1
	79	48	5	10	4	1
	80	3	5	7	4	1
	81	16	5	7	6	2
	82	44	5	10	1	1
	83	51	5	9	4	2
	84	86	5	9	4	1
	85	51	5	8	1	3
	86	216	5	7	6	3
	87	104	5	8	2	2
	88	58	5	7	2	1
	89	236	5	10	4	2
	90	179	5	6	5	1
	91	5	5	9	1	3
	92	203	5	9	3	1
	93	33	5	8	3	1
	94	241	6	8	6	3
	95	198	6	11	5	2
	96	240	6	7	1	2
	97	232	6	8	5	2
	98	205	6	7	2	2
	99	93	6	11	4	1
	100	222	6	8	6	2
	101	22	7	12	6	2
	102	63	7	8	1	1
	103	124	7	12	4	2
	104	176	7	11	1	3
	105	2	7	11	1	2
	106	131	7	10	1	1
	107	159	7	9	1	3
	108	45	7	8	4	1
	109	152	7	9	2	1
	110	178	7	12	2	1
	111	218	7	11	2	1
	112	217	7	10	4	2
	113	102	7	11	3	3
	114	115	7	12	3	1
	115	157	7	10	5	1
	116	50	7	9	4	1
	117	11	7	12	3	2
	118	176	7	10	2	2
	119	58	7	11	3	2
	120	77	7	9	3	3
	121	93	7	8	5	2
	122	45	7	9	6	3
	123	11	7	11	4	1
	124	156	7	11	3	2
	125	239	7	9	1	2
	126	20	7	12	2	1
	127	202	7	8	5	2
	128	184	7	10	5	1
	129	120	8	12	4	1
	130	128	8	10	4	1
	131	237	8	9	6	3
	132	200	8	9	3	1
	133	48	8	11	4	1
	134	100	8	11	1	3
	135	142	8	9	2	1
	136	39	8	10	6	2
	137	27	8	10	6	3
	138	49	8	9	1	1
	139	177	8	13	4	1
	140	22	8	11	4	1
	141	57	8	11	1	2
	142	126	8	12	4	2
	143	16	8	10	3	1
	144	134	8	10	4	2
	145	38	8	13	1	3
	146	69	8	9	2	2
	147	54	8	13	1	3
	148	187	8	11	1	3
	149	96	8	13	2	2
	150	191	9	14	3	3
	151	241	9	11	4	1
	152	109	9	11	1	1
	153	42	9	10	3	3
	154	59	9	13	5	1
	155	62	9	12	4	2
	156	22	9	14	2	1
	157	246	9	13	4	1
	158	170	10	11	6	3
	159	247	10	11	3	1
	160	250	10	13	1	1
	161	173	10	15	1	2
	162	150	10	12	4	2
	163	112	10	13	6	2
	164	213	10	15	3	3
	165	125	10	14	1	3
	166	11	10	13	2	2
	167	151	10	15	6	2
	168	233	10	14	2	1
	169	57	10	14	5	2
	170	243	10	12	3	2
	171	227	10	13	4	2
	172	86	10	15	1	1
	173	84	10	12	5	2
	174	134	10	11	4	1
	175	154	10	11	2	2
	176	80	10	13	6	3
	177	31	10	12	4	1
	178	188	10	13	3	2
	179	27	10	11	1	2
	180	251	10	15	6	2
	181	43	10	12	5	2
	182	13	10	15	4	2
	183	162	10	15	5	1
	184	156	10	14	2	1
	185	184	11	15	1	3
	186	239	11	14	3	3
	187	154	11	16	1	1
	188	200	11	16	2	2
	189	223	11	15	6	3
	190	67	11	16	2	2
	191	154	11	15	1	1
	192	189	11	14	5	2
	193	212	11	12	5	1
	194	230	11	14	1	1
	195	150	11	15	5	2
	196	152	11	12	1	1
	197	69	11	12	2	1
	198	128	11	15	6	1
	199	236	11	16	3	3
	200	81	11	14	5	2
	201	196	11	14	6	1
	202	136	11	12	1	1
	203	153	11	13	4	2
	204	53	11	12	5	2
	205	135	11	14	6	3
	206	45	12	14	2	1
	207	25	12	16	1	3
	208	210	12	14	4	1
	209	27	12	14	1	1
	210	201	12	15	4	2
	211	28	12	17	2	1
	212	105	12	17	4	2
	213	31	12	15	6	3
	214	250	12	17	1	1
	215	123	12	17	5	1
	216	9	12	14	2	2
	217	130	12	14	3	3
	218	158	12	15	2	2
	219	35	12	13	1	1
	220	52	12	13	2	1
	221	140	12	16	2	2
	222	114	12	13	2	2
	223	113	13	15	1	3
	224	91	13	15	4	2
	225	140	13	16	4	1
	226	139	13	16	1	1
	227	155	13	17	2	1
	228	131	13	16	6	3
	229	177	13	16	2	2
	230	225	13	18	1	1
	231	31	13	16	3	3
	232	195	13	18	4	1
	233	182	13	16	6	1
	234	200	13	15	2	1
	235	186	13	18	2	2
	236	226	13	14	4	1
	237	31	13	14	4	1
	238	215	13	16	1	2
	239	167	13	16	2	1
	240	151	13	17	5	2
	241	89	13	16	1	2
	242	160	13	14	6	2
	243	190	13	17	4	2
	244	184	13	16	5	2
	245	53	14	15	3	3
	246	95	14	18	1	1
	247	70	14	18	2	1
	248	124	14	15	1	1
	249	97	14	18	6	2
	250	111	14	17	2	1
	251	94	14	16	4	1
	252	8	14	16	6	1
	253	177	14	19	1	2
	254	98	14	18	1	3
	255	75	14	16	4	2
	256	237	14	16	4	2
	257	120	14	17	2	1
	258	228	14	16	6	3
	259	47	14	18	1	3
	260	250	14	18	2	1
	261	8	14	17	6	1
	262	24	14	15	4	2
	263	137	14	16	4	1
	264	168	14	15	4	1
	265	58	14	17	4	2
	266	183	14	17	6	3
	267	171	14	17	4	2
	268	218	14	16	4	2
	269	236	15	18	3	1
	270	70	15	18	1	1
	271	26	15	20	3	3
	272	78	15	16	2	2
	273	111	15	19	1	1
	274	59	15	19	1	2
	275	118	15	17	2	1
	276	197	15	17	1	3
	277	36	15	16	2	1
	278	227	15	17	2	1
	279	201	15	20	3	1
	280	220	15	16	5	1
	281	104	15	18	2	1
	282	142	15	18	2	2
	283	32	16	21	6	2
	284	40	16	21	3	1
	285	225	16	20	4	1
	286	134	16	18	3	2
	287	195	16	18	5	1
	288	38	16	17	4	2
	289	65	16	21	1	2
	290	228	16	18	1	2
	291	174	16	19	5	1
	292	61	16	17	1	3
	293	85	16	21	2	1
	294	245	16	17	6	3
	295	67	16	20	2	1
	296	161	16	18	2	2
	297	107	16	18	4	1
	298	74	16	20	6	3
	299	101	16	19	6	3
	300	145	16	17	3	3
	301	186	16	20	5	2
	302	229	16	17	6	1
	303	48	17	21	5	2
	304	134	17	19	6	1
	305	89	17	18	2	1
	306	66	17	18	6	2
	307	216	17	18	6	3
	308	82	17	20	1	1
	309	29	17	21	3	2
	310	72	17	22	6	2
	311	104	17	19	4	2
	312	180	17	20	4	1
	313	208	17	18	3	2
	314	28	17	19	1	3
	315	125	17	22	2	2
	316	245	17	19	1	1
	317	243	17	18	3	2
	318	163	17	22	5	1
	319	92	17	20	2	1
	320	15	17	22	2	1
	321	14	17	19	6	2
	322	3	17	18	1	1
	323	245	18	19	6	2
	324	234	18	20	2	2
	325	78	18	22	5	2
	326	82	18	19	3	1
	327	144	18	21	3	3
	328	24	18	19	4	2
	329	13	18	20	4	2
	330	82	18	19	4	2
	331	140	18	22	2	2
	332	9	18	21	1	1
	333	211	18	21	3	3
	334	31	18	20	5	2
	335	63	18	22	3	2
	336	151	18	23	5	1
	337	112	18	23	5	1
	338	226	18	21	4	2
	339	141	18	21	3	2
	340	40	18	19	4	1
	341	83	18	22	5	2
	342	193	18	19	3	1
	343	180	18	20	2	2
	344	59	18	21	3	1
	345	180	18	19	6	2
	346	163	18	23	2	1
	347	239	18	19	6	2
	348	64	18	19	3	2
	349	76	18	19	5	2
	350	57	18	22	3	3
	351	11	18	19	1	2
	352	207	18	19	6	1
	353	88	19	20	6	1
	354	13	19	20	2	1
	355	226	19	20	5	1
	356	203	19	20	6	3
	357	207	19	23	5	1
	358	175	19	20	3	1
	359	226	19	23	2	2
	360	135	19	21	1	1
	361	124	19	20	3	3
	362	117	19	24	2	2
	363	29	19	20	6	3
	364	47	19	21	4	2
	365	199	19	23	6	2
	366	84	19	24	1	2
	367	40	19	23	3	1
	368	71	19	22	4	1
	369	238	20	24	6	1
	370	241	20	24	1	3
	371	109	20	21	1	2
	372	179	20	21	6	2
	373	76	20	23	4	1
	374	126	20	24	2	2
	375	203	20	21	3	3
	376	28	20	24	2	2
	377	84	20	24	1	3
	378	14	20	24	1	2
	379	52	20	23	3	2
	380	232	20	23	6	1
	381	199	20	22	6	3
	382	72	20	21	4	1
	383	239	20	25	4	2
	384	37	20	22	6	2
	385	187	20	25	2	2
	386	7	20	23	4	2
	387	21	20	23	3	3
	388	242	20	25	5	2
	389	230	20	23	2	2
	390	200	20	24	2	2
	391	7	20	25	1	3
	392	104	20	23	4	2
	393	156	20	21	2	2
	394	102	21	22	3	3
	395	26	21	26	6	1
	396	210	21	24	4	1
	397	171	21	22	2	2
	398	48	21	24	1	2
	399	211	21	24	1	3
	400	180	21	22	6	3
	401	92	21	22	3	1
	402	200	21	23	3	2
	403	219	21	26	4	1
	404	34	21	25	3	2
	405	115	21	26	6	1
	406	137	21	25	5	1
	407	72	21	24	3	2
	408	60	21	25	2	2
	409	204	21	22	6	2
	410	75	21	26	2	1
	411	16	21	22	6	2
	412	2	21	23	6	3
	413	104	21	26	3	3
	414	49	21	22	5	2
	415	144	22	26	6	2
	416	222	22	27	6	3
	417	217	22	25	2	1
	418	94	22	26	6	2
	419	172	22	27	3	3
	420	62	22	25	1	2
	421	189	22	23	6	2
	422	251	22	25	2	1
	423	104	22	24	4	1
	424	249	22	27	6	1
	425	151	22	23	2	2
	426	34	22	27	6	1
	427	221	22	24	6	1
	428	173	22	25	5	1
	429	199	22	25	2	1
	430	6	22	27	1	2
	431	167	22	23	6	1
	432	91	22	23	1	1
	433	237	22	27	6	2
	434	59	22	27	1	3
	435	213	23	28	1	2
	436	18	23	27	4	1
	437	22	23	24	2	2
	438	16	23	26	4	2
	439	117	23	24	6	3
	440	179	23	25	1	3
	441	188	23	24	4	2
	442	186	23	27	1	1
	443	64	23	25	2	1
	444	13	23	27	5	1
	445	16	23	24	5	1
	446	67	23	24	4	2
	447	81	23	24	1	2
	448	188	23	25	2	1
	449	153	23	26	2	2
	450	76	23	26	3	2
	451	83	24	26	4	2
	452	70	24	28	6	3
	453	129	24	29	2	2
	454	32	24	27	2	2
	455	201	24	26	1	1
	456	215	24	29	3	3
	457	189	24	29	4	2
	458	10	24	29	1	3
	459	193	24	26	5	1
	460	6	24	25	6	3
	461	228	24	26	3	1
	462	13	24	27	5	1
	463	208	24	26	5	2
	464	211	24	26	2	2
	465	178	24	26	3	3
	466	99	24	29	5	1
	467	173	24	28	6	1
	468	190	24	26	1	2
	469	50	25	27	4	1
	470	154	25	26	4	1
	471	35	25	26	3	1
	472	71	25	28	1	3
	473	196	25	30	5	2
	474	37	25	30	1	3
	475	160	25	26	4	2
	476	227	25	28	4	2
	477	64	25	26	1	3
	478	63	25	26	2	2
	479	43	25	30	2	1
	480	43	25	27	5	2
	481	229	25	27	4	2
	482	115	25	29	4	2
	483	59	25	30	2	2
	484	103	25	29	5	1
	485	15	25	26	6	1
	486	147	25	26	3	1
	487	214	26	29	3	2
	488	189	26	30	2	1
	489	143	26	31	3	1
	490	245	26	31	2	2
	491	88	26	27	4	1
	492	104	26	29	2	2
	493	110	26	27	6	2
	494	36	26	31	1	2
	495	222	26	30	4	2
	496	170	26	28	5	1
	497	90	26	28	2	2
	498	10	26	27	3	3
	499	208	26	30	4	2
	500	229	26	30	1	1
	501	36	26	30	2	2
	502	205	26	28	4	1
	503	193	26	28	1	3
	504	134	27	32	6	3
	505	51	27	30	5	2
	506	30	27	32	5	2
	507	227	27	32	1	1
	508	92	27	28	3	3
	509	73	27	29	6	1
	510	94	27	29	6	3
	511	92	27	31	2	2
	512	115	27	32	6	2
	513	127	27	29	4	1
	514	206	27	31	2	2
	515	35	27	29	4	1
	516	164	27	31	2	1
	517	25	27	28	3	2
	518	21	27	28	3	1
	519	100	27	31	5	2
	520	205	28	31	1	3
	521	212	28	33	4	2
	522	247	28	33	1	1
	523	246	28	33	4	2
	524	18	28	33	3	2
	525	155	28	32	3	3
	526	206	28	29	3	2
	527	141	28	33	3	2
	528	143	28	33	4	2
	529	204	28	33	5	1
	530	217	28	29	1	2
	531	160	28	33	4	1
	532	62	28	31	5	2
	533	197	28	33	5	2
	534	63	28	32	5	1
	535	129	28	29	4	2
	536	189	28	30	3	2
	537	186	28	30	3	3
	538	225	29	32	6	1
	539	63	29	30	3	3
	540	88	29	33	2	2
	541	22	29	33	2	2
	542	117	29	31	6	2
	543	45	29	32	2	1
	544	178	29	30	1	3
	545	172	29	31	5	1
	546	28	29	34	6	3
	547	40	29	32	5	2
	548	31	29	31	2	1
	549	51	29	31	4	2
	550	209	29	33	6	2
	551	43	29	34	4	1
	552	177	29	32	4	2
	553	239	29	33	6	1
	554	42	29	30	4	1
	555	228	29	33	4	1
	556	76	30	33	4	1
	557	12	30	33	5	2
	558	30	30	32	6	3
	559	35	30	33	5	1
	560	178	30	34	5	1
	561	77	30	31	6	2
	562	224	30	33	4	1
	563	173	30	31	5	2
	564	21	30	31	5	2
	565	216	30	34	6	1
	566	236	30	35	5	2
	567	235	30	31	3	2
	568	212	30	31	1	2
	569	52	30	35	5	2
	570	70	30	32	1	1
	571	14	31	32	4	1
	572	140	31	35	4	1
	573	47	31	34	1	2
	574	174	31	32	6	3
	575	223	31	36	4	2
	576	22	31	32	4	2
	577	136	31	33	2	1
	578	177	31	36	2	1
	579	73	31	33	2	2
	580	195	31	32	6	2
	581	39	31	33	6	3
	582	173	31	34	5	2
	583	236	31	32	5	1
	584	222	31	34	2	1
	585	44	31	36	1	1
	586	163	31	34	2	2
	587	151	31	33	4	2
	588	38	31	32	2	2
	589	146	31	35	5	1
	590	43	31	36	5	1
	591	206	31	35	1	1
	592	133	32	37	4	1
	593	214	32	33	6	2
	594	138	32	36	2	1
	595	181	32	36	5	2
	596	216	32	34	2	1
	597	199	32	33	1	2
	598	234	32	33	2	1
	599	57	32	35	2	1
	600	179	32	35	1	3
	601	132	32	35	2	2
	602	115	32	33	1	1
	603	124	32	35	5	1
	604	154	32	37	4	2
	605	22	32	34	2	1
	606	174	32	36	4	1
	607	85	32	36	1	3
	608	28	32	35	5	2
	609	133	32	35	1	2
	610	30	32	35	4	2
	611	53	33	38	3	3
	612	56	33	38	3	1
	613	231	33	35	3	2
	614	76	33	35	1	1
	615	48	33	36	4	2
	616	175	33	34	5	1
	617	20	33	38	6	3
	618	37	33	37	1	2
	619	237	33	37	1	1
	620	89	33	34	4	1
	621	134	33	38	2	1
	622	67	33	34	1	2
	623	3	33	38	6	2
	624	78	34	36	5	2
	625	22	34	38	1	2
	626	243	34	38	1	1
	627	240	34	36	3	3
	628	56	34	38	4	1
	629	157	34	39	5	1
	630	80	34	38	3	1
	631	245	34	39	6	2
	632	172	34	35	4	2
	633	34	34	36	1	1
	634	207	34	35	3	1
	635	83	34	39	1	3
	636	166	34	35	1	3
	637	28	34	38	1	1
	638	215	34	38	6	3
	639	159	34	39	6	3
	640	150	34	38	1	1
	641	221	34	38	4	1
	642	224	34	38	5	1
	643	46	34	38	5	1
	644	171	34	38	2	2
	645	27	34	36	4	1
	646	176	34	39	4	1
	647	212	34	38	2	1
	648	23	35	36	3	1
	649	196	35	36	6	1
	650	2	35	39	2	1
	651	75	35	40	1	3
	652	4	35	37	6	3
	653	143	35	36	4	1
	654	194	35	39	4	2
	655	137	35	36	3	1
	656	200	35	37	3	1
	657	251	35	38	6	3
	658	89	35	36	2	1
	659	98	35	37	3	1
	660	30	35	40	6	2
	661	24	35	40	5	2
	662	60	35	36	1	2
	663	124	35	38	1	1
	664	218	35	36	1	3
	665	168	35	36	6	2
	666	237	35	39	1	3
	667	235	35	36	4	1
	668	236	36	41	6	3
	669	145	36	40	2	1
	670	226	36	40	2	1
	671	14	36	40	4	1
	672	180	36	39	4	1
	673	232	36	41	4	2
	674	93	36	37	5	2
	675	158	36	38	4	2
	676	6	36	41	1	2
	677	43	36	40	2	2
	678	11	36	38	5	1
	679	122	36	38	4	2
	680	209	36	38	5	2
	681	58	36	40	3	3
	682	103	36	37	5	2
	683	26	36	37	2	2
	684	157	36	37	6	2
	685	232	36	37	5	2
	686	81	36	38	4	2
	687	52	36	37	5	1
	688	129	36	37	2	2
	689	158	36	41	1	3
	690	62	36	40	3	3
	691	197	36	39	1	3
	692	231	37	42	4	1
	693	50	37	40	4	1
	694	69	37	38	1	1
	695	149	37	41	1	2
	696	46	37	42	3	1
	697	199	37	40	3	1
	698	17	37	38	3	3
	699	152	37	40	6	1
	700	114	37	39	6	2
	701	185	37	40	5	2
	702	227	37	42	6	1
	703	148	37	39	2	2
	704	60	37	40	3	3
	705	206	37	41	5	2
	706	137	37	38	1	2
	707	45	37	39	4	1
	708	147	37	39	4	2
	709	177	37	41	5	2
	710	162	37	39	6	1
	711	61	37	40	3	3
	712	29	37	39	3	2
	713	141	37	42	4	1
	714	204	37	40	3	3
	715	158	37	41	6	2
	716	105	38	43	4	2
	717	193	38	40	6	2
	718	15	38	41	6	2
	719	22	38	39	6	3
	720	59	38	39	6	1
	721	166	38	42	2	1
	722	227	38	43	2	2
	723	63	38	40	1	3
	724	102	38	42	5	1
	725	188	38	42	4	2
	726	229	38	40	3	2
	727	236	38	39	3	3
	728	226	38	42	4	2
	729	156	38	41	4	1
	730	161	38	42	1	1
	731	8	38	43	3	1
	732	65	38	42	5	1
	733	247	38	43	6	2
	734	125	38	39	6	2
	735	131	39	40	4	2
	736	104	39	40	3	2
	737	22	39	40	1	1
	738	131	39	44	1	3
	739	216	39	44	3	3
	740	4	39	41	2	2
	741	241	39	43	5	2
	742	129	39	42	1	1
	743	24	39	43	6	1
	744	79	39	40	5	2
	745	89	39	42	5	1
	746	118	39	44	2	2
	747	17	39	40	4	1
	748	32	39	44	5	2
	749	210	39	42	4	2
	750	49	39	44	2	1

TECHNICIANS = 850
1	32	443	10	0	1	0	0	0	0	
2	11	319	9	0	0	0	1	1	0	
3	87	110	9	0	0	1	0	1	0	
4	156	210	8	0	1	0	0	0	0	
5	1	414	7	0	1	1	0	0	0	
6	252	728	7	1	0	0	0	0	0	
7	110	751	6	1	0	0	1	0	1	
8	253	336	5	0	1	0	0	1	0	
9	112	205	9	0	0	1	1	0	1	
10	242	100	9	0	1	0	0	0	0	
11	116	686	6	0	1	1	0	1	0	
12	93	560	10	0	0	0	1	0	0	
13	130	634	6	0	0	1	0	0	0	
14	148	416	7	0	1	0	1	0	1	
15	99	947	10	0	0	1	0	0	0	
16	82	391	10	1	1	0	0	1	0	
17	77	353	10	0	0	1	1	0	1	
18	254	926	7	0	0	0	0	1	0	
19	195	840	6	0	0	0	1	0	0	
20	198	177	9	1	0	0	0	0	1	
21	135	293	8	0	1	0	0	0	0	
22	255	573	5	0	0	0	0	1	0	
23	202	703	10	0	1	0	0	0	0	
24	77	765	6	1	0	0	1	0	1	
25	86	744	10	0	1	0	0	1	0	
26	1	242	9	0	1	0	0	1	0	
27	227	661	6	0	0	0	1	1	1	
28	1	791	10	0	0	1	0	0	0	
29	1	212	8	1	1	0	1	0	0	
30	90	398	8	0	0	0	1	1	1	
31	1	291	8	0	0	1	1	0	1	
32	42	166	9	0	1	1	0	1	0	
33	1	736	5	0	0	0	0	0	1	
34	1	874	10	1	0	0	1	0	1	
35	130	790	10	0	0	0	0	0	1	
36	133	749	7	0	0	1	0	1	0	
37	1	844	9	0	1	0	0	0	1	
38	256	437	5	0	0	0	0	1	0	
39	90	453	6	0	0	1	0	0	0	
40	1	422	6	0	0	1	0	0	0	
41	42	202	8	1	0	1	1	0	0	
42	36	472	5	0	0	1	1	0	0	
43	220	725	8	1	0	0	0	0	1	
44	257	523	10	1	1	0	1	0	0	
45	247	518	8	0	0	0	1	0	1	
46	180	559	10	1	0	1	0	1	0	
47	96	743	9	1	0	1	0	0	0	
48	153	586	10	0	0	0	1	0	1	
49	165	363	5	0	1	0	0	0	0	
50	258	827	8	0	1	0	0	0	0	
51	1	376	5	0	0	1	0	0	0	
52	1	628	7	0	1	0	0	0	0	
53	259	937	7	0	0	0	0	1	0	
54	94	358	5	0	1	0	1	1	0	
55	38	881	7	1	0	0	0	1	0	
56	260	549	5	0	1	0	0	0	0	
57	33	570	5	1	1	0	0	0	1	
58	261	336	8	1	0	0	0	1	0	
59	137	870	8	0	1	1	0	0	1	
60	41	591	5	0	1	1	0	0	1	
61	262	799	8	0	1	0	0	0	1	
62	148	752	5	0	1	1	0	1	0	
63	94	183	7	1	0	0	0	1	0	
64	1	926	8	0	0	0	0	1	0	
65	198	677	9	0	0	0	1	0	1	
66	239	687	7	0	1	0	1	1	0	
67	1	626	7	0	0	1	0	0	0	
68	235	690	7	0	1	0	0	0	0	
69	113	742	8	0	0	0	0	1	1	
70	1	407	7	0	0	0	0	1	0	
71	54	758	7	0	0	0	1	1	0	
72	168	672	8	0	0	1	0	1	0	
73	41	293	5	1	0	0	0	1	1	
74	57	971	10	1	1	1	0	0	0	
75	263	648	7	0	0	1	0	0	1	
76	249	290	8	0	0	0	1	0	0	
77	195	144	5	0	1	1	0	0	0	
78	264	210	9	0	0	0	0	0	1	
79	203	291	5	0	0	1	0	0	0	
80	1	337	9	0	1	0	1	1	0	
81	189	963	7	1	0	1	0	0	0	
82	1	628	10	0	0	1	1	0	0	
83	118	252	5	1	0	0	0	0	1	
84	207	329	9	0	1	0	0	1	0	
85	265	320	6	1	0	0	0	0	1	
86	1	126	7	0	0	0	0	0	1	
87	129	448	10	1	1	0	1	0	0	
88	57	865	7	0	1	0	0	1	0	
89	61	186	9	0	0	0	1	0	0	
90	223	277	10	1	0	1	0	1	0	
91	107	426	8	1	1	0	0	0	0	
92	266	676	7	0	0	0	0	0	1	
93	144	702	10	0	1	0	1	0	0	
94	1	797	8	1	1	0	0	0	0	
95	224	964	10	1	0	0	0	1	0	
96	238	844	7	0	0	1	0	0	0	
97	113	531	7	1	0	1	1	0	0	
98	267	993	6	0	1	0	1	1	0	
99	1	114	10	1	0	0	0	0	0	
100	1	152	9	0	0	1	1	0	0	
101	36	472	5	0	0	1	1	0	0	
102	239	687	7	0	1	0	1	1	0	
103	265	320	6	1	0	0	0	0	1	
104	1	337	9	0	1	0	1	1	0	
105	86	744	10	0	1	0	0	1	0	
106	265	320	6	1	0	0	0	0	1	
107	148	752	5	0	1	1	0	1	0	
108	259	937	7	0	0	0	0	1	0	
109	54	758	7	0	0	0	1	1	0	
110	33	570	5	1	1	0	0	0	1	
111	256	437	5	0	0	0	0	1	0	
112	1	291	8	0	0	1	1	0	1	
113	144	702	10	0	1	0	1	0	0	
114	36	472	5	0	0	1	1	0	0	
115	195	840	6	0	0	0	1	0	0	
116	54	758	7	0	0	0	1	1	0	
117	113	742	8	0	0	0	0	1	1	
118	86	744	10	0	1	0	0	1	0	
119	130	634	6	0	0	1	0	0	0	
120	1	628	10	0	0	1	1	0	0	
121	189	963	7	1	0	1	0	0	0	
122	252	728	7	1	0	0	0	0	0	
123	54	758	7	0	0	0	1	1	0	
124	189	963	7	1	0	1	0	0	0	
125	189	963	7	1	0	1	0	0	0	
126	129	448	10	1	1	0	1	0	0	
127	239	687	7	0	1	0	1	1	0	
128	113	742	8	0	0	0	0	1	1	
129	198	677	9	0	0	0	1	0	1	
130	239	687	7	0	1	0	1	1	0	
131	113	531	7	1	0	1	1	0	0	
132	110	751	6	1	0	0	1	0	1	
133	239	687	7	0	1	0	1	1	0	
134	1	628	10	0	0	1	1	0	0	
135	168	672	8	0	0	1	0	1	0	
136	133	749	7	0	0	1	0	1	0	
137	262	799	8	0	1	0	0	0	1	
138	1	797	8	1	1	0	0	0	0	
139	133	749	7	0	0	1	0	1	0	
140	262	799	8	0	1	0	0	0	1	
141	239	687	7	0	1	0	1	1	0	
142	130	634	6	0	0	1	0	0	0	
143	224	964	10	1	0	0	0	1	0	
144	113	531	7	1	0	1	1	0	0	
145	1	337	9	0	1	0	1	1	0	
146	224	964	10	1	0	0	0	1	0	
147	252	728	7	1	0	0	0	0	0	
148	1	337	9	0	1	0	1	1	0	
149	57	971	10	1	1	1	0	0	0	
150	189	963	7	1	0	1	0	0	0	
151	54	758	7	0	0	0	1	1	0	
152	1	926	8	0	0	0	0	1	0	
153	195	840	6	0	0	0	1	0	0	
154	1	291	8	0	0	1	1	0	1	
155	238	844	7	0	0	1	0	0	0	
156	57	865	7	0	1	0	0	1	0	
157	224	964	10	1	0	0	0	1	0	
158	1	844	9	0	1	0	0	0	1	
159	148	752	5	0	1	1	0	1	0	
160	238	844	7	0	0	1	0	0	0	
161	189	963	7	1	0	1	0	0	0	
162	77	765	6	1	0	0	1	0	1	
163	189	963	7	1	0	1	0	0	0	
164	113	742	8	0	0	0	0	1	1	
165	224	964	10	1	0	0	0	1	0	
166	189	963	7	1	0	1	0	0	0	
167	1	337	9	0	1	0	1	1	0	
168	77	765	6	1	0	0	1	0	1	
169	224	964	10	1	0	0	0	1	0	
170	224	964	10	1	0	0	0	1	0	
171	189	963	7	1	0	1	0	0	0	
172	239	687	7	0	1	0	1	1	0	
173	36	472	5	0	0	1	1	0	0	
174	113	742	8	0	0	0	0	1	1	
175	168	672	8	0	0	1	0	1	0	
176	1	926	8	0	0	0	0	1	0	
177	116	686	6	0	1	1	0	1	0	
178	77	765	6	1	0	0	1	0	1	
179	257	523	10	1	1	0	1	0	0	
180	239	687	7	0	1	0	1	1	0	
181	1	874	10	1	0	0	1	0	1	
182	189	963	7	1	0	1	0	0	0	
183	113	531	7	1	0	1	1	0	0	
184	1	874	10	1	0	0	1	0	1	
185	224	964	10	1	0	0	0	1	0	
186	113	742	8	0	0	0	0	1	1	
187	1	337	9	0	1	0	1	1	0	
188	262	799	8	0	1	0	0	0	1	
189	77	765	6	1	0	0	1	0	1	
190	224	964	10	1	0	0	0	1	0	
191	110	751	6	1	0	0	1	0	1	
192	189	963	7	1	0	1	0	0	0	
193	189	963	7	1	0	1	0	0	0	
194	118	252	5	1	0	0	0	0	1	
195	239	687	7	0	1	0	1	1	0	
196	113	531	7	1	0	1	1	0	0	
197	86	744	10	0	1	0	0	1	0	
198	1	797	8	1	1	0	0	0	0	
199	90	398	8	0	0	0	1	1	1	
200	262	799	8	0	1	0	0	0	1	
201	110	751	6	1	0	0	1	0	1	
202	261	336	8	1	0	0	0	1	0	
203	198	677	9	0	0	0	1	0	1	
204	189	963	7	1	0	1	0	0	0	
205	189	963	7	1	0	1	0	0	0	
206	189	963	7	1	0	1	0	0	0	
207	189	963	7	1	0	1	0	0	0	
208	1	874	10	1	0	0	1	0	1	
209	116	686	6	0	1	1	0	1	0	
210	32	443	10	0	1	0	0	0	0	
211	1	844	9	0	1	0	0	0	1	
212	113	531	7	1	0	1	1	0	0	
213	189	963	7	1	0	1	0	0	0	
214	189	963	7	1	0	1	0	0	0	
215	113	742	8	0	0	0	0	1	1	
216	54	758	7	0	0	0	1	1	0	
217	1	628	10	0	0	1	1	0	0	
218	239	687	7	0	1	0	1	1	0	
219	130	634	6	0	0	1	0	0	0	
220	189	963	7	1	0	1	0	0	0	
221	57	865	7	0	1	0	0	1	0	
222	262	799	8	0	1	0	0	0	1	
223	144	702	10	0	1	0	1	0	0	
224	189	963	7	1	0	1	0	0	0	
225	265	320	6	1	0	0	0	0	1	
226	57	971	10	1	1	1	0	0	0	
227	113	742	8	0	0	0	0	1	1	
228	239	687	7	0	1	0	1	1	0	
229	77	765	6	1	0	0	1	0	1	
230	1	337	9	0	1	0	1	1	0	
231	262	799	8	0	1	0	0	0	1	
232	57	971	10	1	1	1	0	0	0	
233	239	687	7	0	1	0	1	1	0	
234	189	963	7	1	0	1	0	0	0	
235	262	799	8	0	1	0	0	0	1	
236	1	844	9	0	1	0	0	0	1	
237	77	765	6	1	0	0	1	0	1	
238	57	971	10	1	1	1	0	0	0	
239	144	702	10	0	1	0	1	0	0	
240	144	702	10	0	1	0	1	0	0	
241	57	971	10	1	1	1	0	0	0	
242	1	628	10	0	0	1	1	0	0	
243	189	963	7	1	0	1	0	0	0	
244	54	758	7	0	0	0	1	1	0	
245	220	725	8	1	0	0	0	0	1	
246	258	827	8	0	1	0	0	0	0	
247	77	765	6	1	0	0	1	0	1	
248	252	728	7	1	0	0	0	0	0	
249	57	971	10	1	1	1	0	0	0	
250	1	626	7	0	0	1	0	0	0	
251	144	702	10	0	1	0	1	0	0	
252	189	963	7	1	0	1	0	0	0	
253	189	963	7	1	0	1	0	0	0	
254	239	687	7	0	1	0	1	1	0	
255	36	472	5	0	0	1	1	0	0	
256	239	687	7	0	1	0	1	1	0	
257	11	319	9	0	0	0	1	1	0	
258	266	676	7	0	0	0	0	0	1	
259	148	752	5	0	1	1	0	1	0	
260	265	320	6	1	0	0	0	0	1	
261	224	964	10	1	0	0	0	1	0	
262	11	319	9	0	0	0	1	1	0	
263	1	874	10	1	0	0	1	0	1	
264	189	963	7	1	0	1	0	0	0	
265	224	964	10	1	0	0	0	1	0	
266	1	797	8	1	1	0	0	0	0	
267	220	725	8	1	0	0	0	0	1	
268	148	752	5	0	1	1	0	1	0	
269	54	758	7	0	0	0	1	1	0	
270	148	752	5	0	1	1	0	1	0	
271	54	758	7	0	0	0	1	1	0	
272	224	964	10	1	0	0	0	1	0	
273	38	881	7	1	0	0	0	1	0	
274	1	874	10	1	0	0	1	0	1	
275	1	797	8	1	1	0	0	0	0	
276	113	742	8	0	0	0	0	1	1	
277	1	874	10	1	0	0	1	0	1	
278	116	686	6	0	1	1	0	1	0	
279	189	963	7	1	0	1	0	0	0	
280	77	765	6	1	0	0	1	0	1	
281	239	687	7	0	1	0	1	1	0	
282	1	291	8	0	0	1	1	0	1	
283	113	742	8	0	0	0	0	1	1	
284	267	993	6	0	1	0	1	1	0	
285	189	963	7	1	0	1	0	0	0	
286	189	963	7	1	0	1	0	0	0	
287	1	874	10	1	0	0	1	0	1	
288	32	443	10	0	1	0	0	0	0	
289	1	874	10	1	0	0	1	0	1	
290	195	144	5	0	1	1	0	0	0	
291	77	765	6	1	0	0	1	0	1	
292	224	964	10	1	0	0	0	1	0	
293	254	926	7	0	0	0	0	1	0	
294	224	964	10	1	0	0	0	1	0	
295	224	964	10	1	0	0	0	1	0	
296	189	963	7	1	0	1	0	0	0	
297	239	687	7	0	1	0	1	1	0	
298	130	790	10	0	0	0	0	0	1	
299	189	963	7	1	0	1	0	0	0	
300	54	758	7	0	0	0	1	1	0	
301	113	742	8	0	0	0	0	1	1	
302	180	559	10	1	0	1	0	1	0	
303	239	687	7	0	1	0	1	1	0	
304	255	573	5	0	0	0	0	1	0	
305	262	799	8	0	1	0	0	0	1	
306	258	827	8	0	1	0	0	0	0	
307	224	964	10	1	0	0	0	1	0	
308	239	687	7	0	1	0	1	1	0	
309	77	765	6	1	0	0	1	0	1	
310	239	687	7	0	1	0	1	1	0	
311	148	416	7	0	1	0	1	0	1	
312	239	687	7	0	1	0	1	1	0	
313	77	765	6	1	0	0	1	0	1	
314	110	751	6	1	0	0	1	0	1	
315	224	964	10	1	0	0	0	1	0	
316	137	870	8	0	1	1	0	0	1	
317	189	963	7	1	0	1	0	0	0	
318	267	993	6	0	1	0	1	1	0	
319	180	559	10	1	0	1	0	1	0	
320	82	391	10	1	1	0	0	1	0	
321	86	744	10	0	1	0	0	1	0	
322	262	799	8	0	1	0	0	0	1	
323	1	797	8	1	1	0	0	0	0	
324	54	758	7	0	0	0	1	1	0	
325	1	337	9	0	1	0	1	1	0	
326	198	177	9	1	0	0	0	0	1	
327	239	687	7	0	1	0	1	1	0	
328	262	799	8	0	1	0	0	0	1	
329	57	971	10	1	1	1	0	0	0	
330	57	971	10	1	1	1	0	0	0	
331	148	752	5	0	1	1	0	1	0	
332	42	202	8	1	0	1	1	0	0	
333	262	799	8	0	1	0	0	0	1	
334	148	752	5	0	1	1	0	1	0	
335	86	744	10	0	1	0	0	1	0	
336	144	702	10	0	1	0	1	0	0	
337	239	687	7	0	1	0	1	1	0	
338	38	881	7	1	0	0	0	1	0	
339	57	971	10	1	1	1	0	0	0	
340	1	337	9	0	1	0	1	1	0	
341	224	964	10	1	0	0	0	1	0	
342	1	736	5	0	0	0	0	0	1	
343	54	758	7	0	0	0	1	1	0	
344	267	993	6	0	1	0	1	1	0	
345	189	963	7	1	0	1	0	0	0	
346	189	963	7	1	0	1	0	0	0	
347	116	686	6	0	1	1	0	1	0	
348	189	963	7	1	0	1	0	0	0	
349	1	874	10	1	0	0	1	0	1	
350	57	971	10	1	1	1	0	0	0	
351	54	758	7	0	0	0	1	1	0	
352	262	799	8	0	1	0	0	0	1	
353	189	963	7	1	0	1	0	0	0	
354	252	728	7	1	0	0	0	0	0	
355	195	840	6	0	0	0	1	0	0	
356	1	212	8	1	1	0	1	0	0	
357	262	799	8	0	1	0	0	0	1	
358	1	874	10	1	0	0	1	0	1	
359	224	964	10	1	0	0	0	1	0	
360	262	799	8	0	1	0	0	0	1	
361	262	799	8	0	1	0	0	0	1	
362	113	531	7	1	0	1	1	0	0	
363	1	874	10	1	0	0	1	0	1	
364	77	765	6	1	0	0	1	0	1	
365	36	472	5	0	0	1	1	0	0	
366	247	518	8	0	0	0	1	0	1	
367	1	874	10	1	0	0	1	0	1	
368	1	874	10	1	0	0	1	0	1	
369	57	971	10	1	1	1	0	0	0	
370	1	874	10	1	0	0	1	0	1	
371	189	963	7	1	0	1	0	0	0	
372	267	993	6	0	1	0	1	1	0	
373	224	964	10	1	0	0	0	1	0	
374	38	881	7	1	0	0	0	1	0	
375	86	744	10	0	1	0	0	1	0	
376	38	881	7	1	0	0	0	1	0	
377	1	797	8	1	1	0	0	0	0	
378	86	744	10	0	1	0	0	1	0	
379	57	971	10	1	1	1	0	0	0	
380	38	881	7	1	0	0	0	1	0	
381	262	799	8	0	1	0	0	0	1	
382	262	799	8	0	1	0	0	0	1	
383	77	765	6	1	0	0	1	0	1	
384	189	963	7	1	0	1	0	0	0	
385	54	758	7	0	0	0	1	1	0	
386	99	947	10	0	0	1	0	0	0	
387	38	881	7	1	0	0	0	1	0	
388	54	758	7	0	0	0	1	1	0	
389	77	765	6	1	0	0	1	0	1	
390	189	963	7	1	0	1	0	0	0	
391	1	926	8	0	0	0	0	1	0	
392	189	963	7	1	0	1	0	0	0	
393	144	702	10	0	1	0	1	0	0	
394	262	799	8	0	1	0	0	0	1	
395	239	687	7	0	1	0	1	1	0	
396	1	797	8	1	1	0	0	0	0	
397	198	677	9	0	0	0	1	0	1	
398	262	799	8	0	1	0	0	0	1	
399	148	416	7	0	1	0	1	0	1	
400	189	963	7	1	0	1	0	0	0	
401	180	559	10	1	0	1	0	1	0	
402	110	751	6	1	0	0	1	0	1	
403	133	749	7	0	0	1	0	1	0	
404	263	648	7	0	0	1	0	0	1	
405	258	827	8	0	1	0	0	0	0	
406	77	765	6	1	0	0	1	0	1	
407	262	799	8	0	1	0	0	0	1	
408	1	212	8	1	1	0	1	0	0	
409	57	971	10	1	1	1	0	0	0	
410	77	765	6	1	0	0	1	0	1	
411	11	319	9	0	0	0	1	1	0	
412	267	993	6	0	1	0	1	1	0	
413	189	963	7	1	0	1	0	0	0	
414	1	212	8	1	1	0	1	0	0	
415	1	797	8	1	1	0	0	0	0	
416	189	963	7	1	0	1	0	0	0	
417	133	749	7	0	0	1	0	1	0	
418	267	993	6	0	1	0	1	1	0	
419	262	799	8	0	1	0	0	0	1	
420	57	971	10	1	1	1	0	0	0	
421	113	742	8	0	0	0	0	1	1	
422	38	881	7	1	0	0	0	1	0	
423	262	799	8	0	1	0	0	0	1	
424	57	971	10	1	1	1	0	0	0	
425	224	964	10	1	0	0	0	1	0	
426	133	749	7	0	0	1	0	1	0	
427	36	472	5	0	0	1	1	0	0	
428	267	993	6	0	1	0	1	1	0	
429	1	874	10	1	0	0	1	0	1	
430	1	212	8	1	1	0	1	0	0	
431	148	752	5	0	1	1	0	1	0	
432	189	963	7	1	0	1	0	0	0	
433	113	531	7	1	0	1	1	0	0	
434	239	687	7	0	1	0	1	1	0	
435	189	963	7	1	0	1	0	0	0	
436	86	744	10	0	1	0	0	1	0	
437	239	687	7	0	1	0	1	1	0	
438	77	765	6	1	0	0	1	0	1	
439	1	628	10	0	0	1	1	0	0	
440	195	840	6	0	0	0	1	0	0	
441	224	964	10	1	0	0	0	1	0	
442	57	971	10	1	1	1	0	0	0	
443	1	797	8	1	1	0	0	0	0	
444	189	963	7	1	0	1	0	0	0	
445	262	799	8	0	1	0	0	0	1	
446	86	744	10	0	1	0	0	1	0	
447	1	874	10	1	0	0	1	0	1	
448	57	971	10	1	1	1	0	0	0	
449	224	964	10	1	0	0	0	1	0	
450	203	291	5	0	0	1	0	0	0	
451	1	797	8	1	1	0	0	0	0	
452	77	765	6	1	0	0	1	0	1	
453	265	320	6	1	0	0	0	0	1	
454	144	702	10	0	1	0	1	0	0	
455	239	687	7	0	1	0	1	1	0	
456	77	765	6	1	0	0	1	0	1	
457	227	661	6	0	0	0	1	1	1	
458	189	963	7	1	0	1	0	0	0	
459	239	687	7	0	1	0	1	1	0	
460	1	874	10	1	0	0	1	0	1	
461	36	472	5	0	0	1	1	0	0	
462	239	687	7	0	1	0	1	1	0	
463	247	518	8	0	0	0	1	0	1	
464	267	993	6	0	1	0	1	1	0	
465	1	874	10	1	0	0	1	0	1	
466	77	765	6	1	0	0	1	0	1	
467	57	971	10	1	1	1	0	0	0	
468	1	152	9	0	0	1	1	0	0	
469	77	765	6	1	0	0	1	0	1	
470	77	765	6	1	0	0	1	0	1	
471	189	963	7	1	0	1	0	0	0	
472	77	765	6	1	0	0	1	0	1	
473	1	874	10	1	0	0	1	0	1	
474	148	752	5	0	1	1	0	1	0	
475	1	628	10	0	0	1	1	0	0	
476	262	799	8	0	1	0	0	0	1	
477	189	963	7	1	0	1	0	0	0	
478	57	971	10	1	1	1	0	0	0	
479	189	963	7	1	0	1	0	0	0	
480	262	799	8	0	1	0	0	0	1	
481	262	799	8	0	1	0	0	0	1	
482	77	765	6	1	0	0	1	0	1	
483	239	687	7	0	1	0	1	1	0	
484	262	799	8	0	1	0	0	0	1	
485	262	799	8	0	1	0	0	0	1	
486	195	840	6	0	0	0	1	0	0	
487	189	963	7	1	0	1	0	0	0	
488	227	661	6	0	0	0	1	1	1	
489	1	212	8	1	1	0	1	0	0	
490	267	993	6	0	1	0	1	1	0	
491	180	559	10	1	0	1	0	1	0	
492	1	337	9	0	1	0	1	1	0	
493	57	971	10	1	1	1	0	0	0	
494	189	963	7	1	0	1	0	0	0	
495	110	751	6	1	0	0	1	0	1	
496	1	337	9	0	1	0	1	1	0	
497	1	797	8	1	1	0	0	0	0	
498	189	963	7	1	0	1	0	0	0	
499	38	881	7	1	0	0	0	1	0	
500	262	799	8	0	1	0	0	0	1	
501	130	634	6	0	0	1	0	0	0	
502	189	963	7	1	0	1	0	0	0	
503	239	687	7	0	1	0	1	1	0	
504	148	752	5	0	1	1	0	1	0	
505	262	799	8	0	1	0	0	0	1	
506	54	758	7	0	0	0	1	1	0	
507	113	531	7	1	0	1	1	0	0	
508	148	752	5	0	1	1	0	1	0	
509	130	790	10	0	0	0	0	0	1	
510	239	687	7	0	1	0	1	1	0	
511	227	661	6	0	0	0	1	1	1	
512	113	742	8	0	0	0	0	1	1	
513	180	559	10	1	0	1	0	1	0	
514	168	672	8	0	0	1	0	1	0	
515	262	799	8	0	1	0	0	0	1	
516	262	799	8	0	1	0	0	0	1	
517	148	752	5	0	1	1	0	1	0	
518	41	591	5	0	1	1	0	0	1	
519	57	971	10	1	1	1	0	0	0	
520	220	725	8	1	0	0	0	0	1	
521	262	799	8	0	1	0	0	0	1	
522	148	752	5	0	1	1	0	1	0	
523	144	702	10	0	1	0	1	0	0	
524	247	518	8	0	0	0	1	0	1	
525	202	703	10	0	1	0	0	0	0	
526	1	874	10	1	0	0	1	0	1	
527	77	765	6	1	0	0	1	0	1	
528	224	964	10	1	0	0	0	1	0	
529	262	799	8	0	1	0	0	0	1	
530	1	874	10	1	0	0	1	0	1	
531	1	874	10	1	0	0	1	0	1	
532	189	963	7	1	0	1	0	0	0	
533	198	177	9	1	0	0	0	0	1	
534	189	963	7	1	0	1	0	0	0	
535	57	971	10	1	1	1	0	0	0	
536	77	765	6	1	0	0	1	0	1	
537	144	702	10	0	1	0	1	0	0	
538	110	751	6	1	0	0	1	0	1	
539	110	751	6	1	0	0	1	0	1	
540	189	963	7	1	0	1	0	0	0	
541	267	993	6	0	1	0	1	1	0	
542	224	964	10	1	0	0	0	1	0	
543	267	993	6	0	1	0	1	1	0	
544	148	752	5	0	1	1	0	1	0	
545	239	687	7	0	1	0	1	1	0	
546	144	702	10	0	1	0	1	0	0	
547	189	963	7	1	0	1	0	0	0	
548	262	799	8	0	1	0	0	0	1	
549	258	827	8	0	1	0	0	0	0	
550	113	531	7	1	0	1	1	0	0	
551	1	874	10	1	0	0	1	0	1	
552	1	874	10	1	0	0	1	0	1	
553	57	971	10	1	1	1	0	0	0	
554	135	293	8	0	1	0	0	0	0	
555	77	765	6	1	0	0	1	0	1	
556	189	963	7	1	0	1	0	0	0	
557	54	758	7	0	0	0	1	1	0	
558	189	963	7	1	0	1	0	0	0	
559	1	337	9	0	1	0	1	1	0	
560	262	799	8	0	1	0	0	0	1	
561	189	963	7	1	0	1	0	0	0	
562	267	993	6	0	1	0	1	1	0	
563	113	742	8	0	0	0	0	1	1	
564	1	337	9	0	1	0	1	1	0	
565	57	971	10	1	1	1	0	0	0	
566	239	687	7	0	1	0	1	1	0	
567	220	725	8	1	0	0	0	0	1	
568	1	797	8	1	1	0	0	0	0	
569	113	531	7	1	0	1	1	0	0	
570	144	702	10	0	1	0	1	0	0	
571	189	963	7	1	0	1	0	0	0	
572	57	971	10	1	1	1	0	0	0	
573	180	559	10	1	0	1	0	1	0	
574	1	874	10	1	0	0	1	0	1	
575	239	687	7	0	1	0	1	1	0	
576	267	993	6	0	1	0	1	1	0	
577	189	963	7	1	0	1	0	0	0	
578	1	337	9	0	1	0	1	1	0	
579	262	799	8	0	1	0	0	0	1	
580	1	337	9	0	1	0	1	1	0	
581	267	993	6	0	1	0	1	1	0	
582	1	874	10	1	0	0	1	0	1	
583	57	971	10	1	1	1	0	0	0	
584	239	687	7	0	1	0	1	1	0	
585	77	765	6	1	0	0	1	0	1	
586	148	752	5	0	1	1	0	1	0	
587	189	963	7	1	0	1	0	0	0	
588	267	993	6	0	1	0	1	1	0	
589	36	472	5	0	0	1	1	0	0	
590	1	797	8	1	1	0	0	0	0	
591	239	687	7	0	1	0	1	1	0	
592	57	865	7	0	1	0	0	1	0	
593	110	751	6	1	0	0	1	0	1	
594	224	964	10	1	0	0	0	1	0	
595	1	874	10	1	0	0	1	0	1	
596	224	964	10	1	0	0	0	1	0	
597	262	799	8	0	1	0	0	0	1	
598	1	626	7	0	0	1	0	0	0	
599	77	765	6	1	0	0	1	0	1	
600	180	559	10	1	0	1	0	1	0	
601	1	797	8	1	1	0	0	0	0	
602	267	993	6	0	1	0	1	1	0	
603	1	797	8	1	1	0	0	0	0	
604	1	874	10	1	0	0	1	0	1	
605	82	391	10	1	1	0	0	1	0	
606	267	993	6	0	1	0	1	1	0	
607	1	874	10	1	0	0	1	0	1	
608	113	531	7	1	0	1	1	0	0	
609	220	725	8	1	0	0	0	0	1	
610	227	661	6	0	0	0	1	1	1	
611	116	686	6	0	1	1	0	1	0	
612	262	799	8	0	1	0	0	0	1	
613	54	758	7	0	0	0	1	1	0	
614	148	416	7	0	1	0	1	0	1	
615	77	765	6	1	0	0	1	0	1	
616	262	799	8	0	1	0	0	0	1	
617	189	963	7	1	0	1	0	0	0	
618	180	559	10	1	0	1	0	1	0	
619	224	964	10	1	0	0	0	1	0	
620	189	963	7	1	0	1	0	0	0	
621	54	758	7	0	0	0	1	1	0	
622	252	728	7	1	0	0	0	0	0	
623	54	758	7	0	0	0	1	1	0	
624	148	752	5	0	1	1	0	1	0	
625	189	963	7	1	0	1	0	0	0	
626	168	672	8	0	0	1	0	1	0	
627	148	752	5	0	1	1	0	1	0	
628	1	337	9	0	1	0	1	1	0	
629	116	686	6	0	1	1	0	1	0	
630	110	751	6	1	0	0	1	0	1	
631	267	993	6	0	1	0	1	1	0	
632	116	686	6	0	1	1	0	1	0	
633	267	993	6	0	1	0	1	1	0	
634	86	744	10	0	1	0	0	1	0	
635	77	765	6	1	0	0	1	0	1	
636	57	971	10	1	1	1	0	0	0	
637	168	672	8	0	0	1	0	1	0	
638	198	677	9	0	0	0	1	0	1	
639	57	971	10	1	1	1	0	0	0	
640	239	687	7	0	1	0	1	1	0	
641	57	971	10	1	1	1	0	0	0	
642	262	799	8	0	1	0	0	0	1	
643	262	799	8	0	1	0	0	0	1	
644	189	963	7	1	0	1	0	0	0	
645	133	749	7	0	0	1	0	1	0	
646	220	725	8	1	0	0	0	0	1	
647	86	744	10	0	1	0	0	1	0	
648	239	687	7	0	1	0	1	1	0	
649	1	628	10	0	0	1	1	0	0	
650	1	291	8	0	0	1	1	0	1	
651	1	874	10	1	0	0	1	0	1	
652	144	702	10	0	1	0	1	0	0	
653	262	799	8	0	1	0	0	0	1	
654	239	687	7	0	1	0	1	1	0	
655	1	874	10	1	0	0	1	0	1	
656	77	765	6	1	0	0	1	0	1	
657	239	687	7	0	1	0	1	1	0	
658	90	398	8	0	0	0	1	1	1	
659	38	881	7	1	0	0	0	1	0	
660	1	337	9	0	1	0	1	1	0	
661	227	661	6	0	0	0	1	1	1	
662	267	993	6	0	1	0	1	1	0	
663	54	758	7	0	0	0	1	1	0	
664	267	993	6	0	1	0	1	1	0	
665	198	677	9	0	0	0	1	0	1	
666	224	964	10	1	0	0	0	1	0	
667	130	634	6	0	0	1	0	0	0	
668	57	971	10	1	1	1	0	0	0	
669	113	742	8	0	0	0	0	1	1	
670	1	797	8	1	1	0	0	0	0	
671	42	202	8	1	0	1	1	0	0	
672	54	758	7	0	0	0	1	1	0	
673	77	765	6	1	0	0	1	0	1	
674	1	874	10	1	0	0	1	0	1	
675	267	993	6	0	1	0	1	1	0	
676	239	687	7	0	1	0	1	1	0	
677	32	443	10	0	1	0	0	0	0	
678	1	797	8	1	1	0	0	0	0	
679	262	799	8	0	1	0	0	0	1	
680	110	751	6	1	0	0	1	0	1	
681	77	765	6	1	0	0	1	0	1	
682	116	686	6	0	1	1	0	1	0	
683	224	964	10	1	0	0	0	1	0	
684	267	993	6	0	1	0	1	1	0	
685	189	963	7	1	0	1	0	0	0	
686	267	993	6	0	1	0	1	1	0	
687	11	319	9	0	0	0	1	1	0	
688	57	971	10	1	1	1	0	0	0	
689	116	686	6	0	1	1	0	1	0	
690	133	749	7	0	0	1	0	1	0	
691	198	177	9	1	0	0	0	0	1	
692	1	874	10	1	0	0	1	0	1	
693	110	751	6	1	0	0	1	0	1	
694	267	993	6	0	1	0	1	1	0	
695	148	752	5	0	1	1	0	1	0	
696	148	752	5	0	1	1	0	1	0	
697	189	963	7	1	0	1	0	0	0	
698	267	993	6	0	1	0	1	1	0	
699	267	993	6	0	1	0	1	1	0	
700	1	874	10	1	0	0	1	0	1	
701	86	744	10	0	1	0	0	1	0	
702	38	881	7	1	0	0	0	1	0	
703	54	758	7	0	0	0	1	1	0	
704	54	758	7	0	0	0	1	1	0	
705	57	971	10	1	1	1	0	0	0	
706	77	765	6	1	0	0	1	0	1	
707	57	971	10	1	1	1	0	0	0	
708	239	687	7	0	1	0	1	1	0	
709	57	971	10	1	1	1	0	0	0	
710	239	687	7	0	1	0	1	1	0	
711	189	963	7	1	0	1	0	0	0	
712	113	531	7	1	0	1	1	0	0	
713	189	963	7	1	0	1	0	0	0	
714	57	971	10	1	1	1	0	0	0	
715	113	531	7	1	0	1	1	0	0	
716	227	661	6	0	0	0	1	1	1	
717	198	677	9	0	0	0	1	0	1	
718	224	964	10	1	0	0	0	1	0	
719	189	963	7	1	0	1	0	0	0	
720	239	687	7	0	1	0	1	1	0	
721	57	971	10	1	1	1	0	0	0	
722	189	963	7	1	0	1	0	0	0	
723	220	725	8	1	0	0	0	0	1	
724	224	964	10	1	0	0	0	1	0	
725	57	971	10	1	1	1	0	0	0	
726	189	963	7	1	0	1	0	0	0	
727	57	971	10	1	1	1	0	0	0	
728	94	358	5	0	1	0	1	1	0	
729	239	687	7	0	1	0	1	1	0	
730	189	963	7	1	0	1	0	0	0	
731	113	742	8	0	0	0	0	1	1	
732	1	874	10	1	0	0	1	0	1	
733	77	765	6	1	0	0	1	0	1	
734	57	971	10	1	1	1	0	0	0	
735	113	531	7	1	0	1	1	0	0	
736	189	963	7	1	0	1	0	0	0	
737	224	964	10	1	0	0	0	1	0	
738	262	799	8	0	1	0	0	0	1	
739	77	765	6	1	0	0	1	0	1	
740	1	874	10	1	0	0	1	0	1	
741	11	319	9	0	0	0	1	1	0	
742	116	686	6	0	1	1	0	1	0	
743	267	993	6	0	1	0	1	1	0	
744	86	744	10	0	1	0	0	1	0	
745	1	874	10	1	0	0	1	0	1	
746	267	993	6	0	1	0	1	1	0	
747	267	993	6	0	1	0	1	1	0	
748	189	963	7	1	0	1	0	0	0	
749	113	742	8	0	0	0	0	1	1	
750	1	797	8	1	1	0	0	0	0	
751	189	963	7	1	0	1	0	0	0	
752	110	751	6	1	0	0	1	0	1	
753	1	874	10	1	0	0	1	0	1	
754	1	874	10	1	0	0	1	0	1	
755	189	963	7	1	0	1	0	0	0	
756	113	531	7	1	0	1	1	0	0	
757	113	742	8	0	0	0	0	1	1	
758	57	971	10	1	1	1	0	0	0	
759	189	963	7	1	0	1	0	0	0	
760	262	799	8	0	1	0	0	0	1	
761	54	758	7	0	0	0	1	1	0	
762	189	963	7	1	0	1	0	0	0	
763	57	971	10	1	1	1	0	0	0	
764	224	964	10	1	0	0	0	1	0	
765	1	844	9	0	1	0	0	0	1	
766	224	964	10	1	0	0	0	1	0	
767	129	448	10	1	1	0	1	0	0	
768	1	874	10	1	0	0	1	0	1	
769	239	687	7	0	1	0	1	1	0	
770	135	293	8	0	1	0	0	0	0	
771	239	687	7	0	1	0	1	1	0	
772	54	758	7	0	0	0	1	1	0	
773	1	874	10	1	0	0	1	0	1	
774	86	744	10	0	1	0	0	1	0	
775	77	765	6	1	0	0	1	0	1	
776	1	797	8	1	1	0	0	0	0	
777	144	702	10	0	1	0	1	0	0	
778	38	881	7	1	0	0	0	1	0	
779	1	874	10	1	0	0	1	0	1	
780	267	993	6	0	1	0	1	1	0	
781	130	634	6	0	0	1	0	0	0	
782	239	687	7	0	1	0	1	1	0	
783	144	702	10	0	1	0	1	0	0	
784	262	799	8	0	1	0	0	0	1	
785	86	744	10	0	1	0	0	1	0	
786	239	687	7	0	1	0	1	1	0	
787	224	964	10	1	0	0	0	1	0	
788	262	799	8	0	1	0	0	0	1	
789	57	971	10	1	1	1	0	0	0	
790	168	672	8	0	0	1	0	1	0	
791	77	765	6	1	0	0	1	0	1	
792	239	687	7	0	1	0	1	1	0	
793	36	472	5	0	0	1	1	0	0	
794	110	751	6	1	0	0	1	0	1	
795	189	963	7	1	0	1	0	0	0	
796	57	971	10	1	1	1	0	0	0	
797	57	971	10	1	1	1	0	0	0	
798	148	752	5	0	1	1	0	1	0	
799	262	799	8	0	1	0	0	0	1	
800	262	799	8	0	1	0	0	0	1	
801	239	687	7	0	1	0	1	1	0	
802	262	799	8	0	1	0	0	0	1	
803	239	687	7	0	1	0	1	1	0	
804	57	971	10	1	1	1	0	0	0	
805	267	993	6	0	1	0	1	1	0	
806	189	963	7	1	0	1	0	0	0	
807	77	765	6	1	0	0	1	0	1	
808	247	518	8	0	0	0	1	0	1	
809	239	687	7	0	1	0	1	1	0	
810	262	799	8	0	1	0	0	0	1	
811	148	752	5	0	1	1	0	1	0	
812	57	971	10	1	1	1	0	0	0	
813	54	758	7	0	0	0	1	1	0	
814	189	963	7	1	0	1	0	0	0	
815	113	742	8	0	0	0	0	1	1	
816	1	874	10	1	0	0	1	0	1	
817	77	765	6	1	0	0	1	0	1	
818	262	799	8	0	1	0	0	0	1	
819	262	799	8	0	1	0	0	0	1	
820	262	799	8	0	1	0	0	0	1	
821	57	971	10	1	1	1	0	0	0	
822	258	827	8	0	1	0	0	0	0	
823	57	971	10	1	1	1	0	0	0	
824	267	993	6	0	1	0	1	1	0	
825	1	874	10	1	0	0	1	0	1	
826	148	752	5	0	1	1	0	1	0	
827	189	963	7	1	0	1	0	0	0	
828	113	531	7	1	0	1	1	0	0	
829	54	758	7	0	0	0	1	1	0	
830	77	765	6	1	0	0	1	0	1	
831	113	531	7	1	0	1	1	0	0	
832	224	964	10	1	0	0	0	1	0	
833	262	799	8	0	1	0	0	0	1	
834	262	799	8	0	1	0	0	0	1	
835	239	687	7	0	1	0	1	1	0	
836	57	971	10	1	1	1	0	0	0	
837	38	881	7	1	0	0	0	1	0	
838	77	765	6	1	0	0	1	0	1	
839	57	971	10	1	1	1	0	0	0	
840	267	993	6	0	1	0	1	1	0	
841	239	687	7	0	1	0	1	1	0	
842	57	971	10	1	1	1	0	0	0	
843	77	765	6	1	0	0	1	0	1	
844	267	993	6	0	1	0	1	1	0	
845	267	993	6	0	1	0	1	1	0	
846	86	744	10	0	1	0	0	1	0	
847	1	874	10	1	0	0	1	0	1	
848	90	398	8	0	0	0	1	1	1	
849	239	687	7	0	1	0	1	1	0	
850	267	993	6	0	1	0	1	1	0	

