DATASET = ORTEC Late VeRoLog 2019
NAME = Instance 25

DAYS = 55
TRUCK_CAPACITY = 18
TRUCK_MAX_DISTANCE = 1045

TRUCK_DISTANCE_COST = 100000
TRUCK_DAY_COST = 100
TRUCK_COST = 100000
TECHNICIAN_DISTANCE_COST = 1000
TECHNICIAN_DAY_COST = 1000
TECHNICIAN_COST = 100000

MACHINES = 7
    1     4   450
    2     3   910
    3     7   680
    4     4   120
    5     5   425
    6     4   725
    7     4   700

LOCATIONS = 47
    1   673   533
    2   562   346
    3   533   619
    4   353   508
    5   465   558
    6   234   337
    7   675   745
    8   171   360
    9   357   361
   10   575   361
   11   632   410
   12   562   490
   13   693   516
   14   731   667
   15   633   410
   16   586   566
   17   242   340
   18   353   558
   19   284   640
   20   267   473
   21   204   387
   22   554   746
   23   258   308
   24   317   465
   25   494   287
   26   637   737
   27   698   390
   28   251   417
   29   209   389
   30   608   436
   31   227   405
   32   187   384
   33    58   177
   34   504   356
   35   328   315
   36   773   616
   37   298   509
   38   743   451
   39   678   727
   40   422   323
   41   363   380
   42   703   408
   43   311   467
   44   464   418
   45   702   705
   46   558   394
   47   524    14

REQUESTS = 75
    1    21     1     5     5     2
    2     3     1     6     7     1
    3    11     2     3     4     3
    4     4     2     5     3     2
    5    23     4     5     4     1
    6     2     4     8     5     2
    7    21     5     7     4     3
    8    21     5     8     3     2
    9     4     5     8     1     3
   10    24     5     6     6     3
   11    14     6     7     7     1
   12     6     7     8     1     3
   13    20     7     9     4     2
   14    11     8    11     5     2
   15     5     8    12     2     1
   16    15     8    12     7     1
   17    17     9    14     5     3
   18    18    11    13     3     1
   19    22    12    15     2     1
   20     4    12    15     7     2
   21     5    13    14     3     1
   22    12    14    16     5     1
   23    14    15    16     2     1
   24    23    16    21     4     3
   25     4    17    22     6     1
   26     7    18    20     7     1
   27    15    18    22     7     3
   28    24    18    20     6     3
   29     9    19    23     5     3
   30     7    19    23     7     2
   31    21    19    24     2     3
   32    22    19    24     5     3
   33    23    19    22     4     1
   34     6    20    23     3     1
   35    24    21    23     5     3
   36     5    21    26     6     1
   37     4    22    25     1     2
   38     7    22    24     4     2
   39     7    23    25     3     2
   40    16    24    27     6     3
   41    26    25    27     2     1
   42    23    26    31     1     1
   43     3    26    28     3     1
   44    18    27    29     1     3
   45    17    27    28     2     1
   46    18    27    32     4     3
   47     2    29    33     2     2
   48    19    29    31     4     1
   49    24    29    34     4     2
   50    26    31    36     5     1
   51    14    32    36     4     1
   52    25    33    34     5     3
   53     4    33    38     2     3
   54    12    33    34     5     2
   55     5    36    39     2     2
   56     9    37    41     2     1
   57     6    37    40     7     3
   58    23    39    40     1     3
   59     7    39    44     2     1
   60    13    39    40     4     2
   61    23    39    40     6     1
   62    21    40    45     4     1
   63    10    40    42     6     2
   64     6    40    44     4     1
   65    21    41    43     7     1
   66    22    41    44     2     2
   67    11    42    44     1     3
   68    23    43    47     1     3
   69    20    45    47     5     2
   70    21    45    50     3     1
   71    15    45    46     5     2
   72    25    47    48     4     2
   73    25    48    50     2     2
   74    12    48    51     5     3
   75    20    49    53     2     3

TECHNICIANS = 125
    1    27   615    10  1 1 0 0 1 0 0
    2    16   860     6  0 0 1 1 1 0 0
    3    10   575     5  0 0 1 0 0 0 0
    4    28   330     9  0 1 0 0 1 0 1
    5    16   155     7  0 1 0 0 0 1 0
    6    21   455     7  1 1 0 0 0 0 1
    7     1   250     5  1 0 0 0 0 0 0
    8    12   745     7  0 0 0 1 1 0 0
    9     1   425    10  0 0 0 1 0 0 1
   10    29   735     8  0 1 0 0 1 1 0
   11    12   765     8  0 0 0 1 0 1 0
   12    25   480     9  0 0 1 1 0 0 0
   13     1   695     6  0 0 0 0 0 1 0
   14    10   210    10  0 0 1 1 0 0 0
   15    24   515     8  1 1 0 1 0 0 0
   16    12   400    10  0 1 0 0 0 0 0
   17    30   635     5  0 0 0 0 0 0 1
   18    19   260     6  0 0 0 0 0 0 1
   19    14   375     5  1 0 0 0 0 0 0
   20    13   540    10  1 1 0 0 0 1 0
   21     3   380     8  0 1 0 0 0 1 0
   22     1   610    10  1 0 0 0 0 0 0
   23    31   525     5  0 0 1 0 0 1 1
   24    14   125     8  1 0 0 0 1 0 0
   25    18   785    10  0 0 1 1 0 0 1
   26     1   955     6  0 0 0 0 0 1 0
   27    22   715     7  0 0 1 0 0 1 0
   28    16   350     8  0 1 0 0 0 1 0
   29     9   815     8  1 0 0 1 0 0 0
   30    20   235     8  1 1 0 0 0 0 1
   31    20   455     7  0 0 0 0 1 0 0
   32     1   240     8  0 1 0 0 0 1 0
   33    32   615     7  1 0 0 1 0 0 0
   34    19   155     8  1 0 1 0 1 0 0
   35    22   100     8  0 1 0 0 0 0 1
   36    25   850     8  0 1 0 1 0 0 1
   37    23   755     9  0 1 0 1 0 0 1
   38    19   790    10  0 0 1 1 0 0 1
   39     1   480     6  0 0 1 1 1 0 0
   40    20   420     8  0 0 0 1 0 0 0
   41    33   355     8  1 0 0 1 0 0 0
   42     2   820     9  0 1 0 0 1 0 1
   43    22   705     6  1 0 0 1 0 1 0
   44    34   235     7  0 0 0 0 1 0 0
   45    16   590     9  0 1 0 1 0 0 1
   46     8   740    10  0 0 1 0 0 0 0
   47    16   145    10  1 1 0 0 0 0 0
   48    24   790     5  1 0 0 0 1 1 0
   49     9   500    10  0 0 0 0 0 0 1
   50     1   120     6  1 0 0 0 0 0 0
   51    24   580     5  1 0 0 0 0 0 1
   52    22   960     5  0 1 0 0 0 0 0
   53    35   255     9  0 1 1 0 0 1 0
   54     1   640     5  1 0 0 0 1 0 1
   55    12   105     9  0 0 0 0 0 1 1
   56    22   630     9  0 1 1 0 1 0 0
   57    15   350     8  0 0 1 0 1 1 0
   58     1   115     6  0 1 0 0 1 1 0
   59     6   725     5  0 0 0 1 1 0 1
   60    36   950     6  0 0 1 0 0 0 0
   61    19   450     5  0 1 1 0 0 1 0
   62    22   645    10  1 0 0 0 0 0 1
   63     1   950     5  0 0 0 1 1 0 0
   64    23   950    10  0 1 0 0 1 0 1
   65    25   740     6  0 0 1 0 0 0 0
   66    25   560     9  0 0 0 0 1 0 0
   67    17   315     6  1 1 0 0 1 0 0
   68     8   425     6  0 0 1 1 0 0 1
   69     9   890    10  0 0 0 1 0 1 1
   70     3   630    10  0 0 0 0 0 0 1
   71    12   930     6  0 1 1 0 0 0 0
   72    22   230     5  1 0 1 0 0 0 0
   73    37   250     5  0 1 0 0 0 0 0
   74    17   240     9  0 0 1 0 0 0 0
   75     1   270     9  0 0 1 0 0 1 1
   76    16   215     5  0 0 0 0 1 0 0
   77    21   405     5  0 1 0 0 0 0 0
   78     1   930     7  1 0 0 0 0 0 0
   79     1   885    10  1 0 0 0 0 0 0
   80    38   155     7  0 0 0 1 0 0 0
   81     7   270     5  0 0 0 1 0 1 0
   82    24   945     8  1 1 0 0 0 1 0
   83    39   425    10  0 1 0 0 1 0 0
   84    20   245     6  0 0 1 0 1 0 1
   85     6  1000     7  0 0 0 0 0 1 0
   86    23   340    10  0 0 0 1 1 1 0
   87     5   810     8  0 0 0 1 0 0 1
   88     8   535     7  0 1 0 0 1 0 1
   89     1   250     9  0 0 0 0 0 1 0
   90    40   545     9  0 1 1 0 0 1 0
   91    41   560     9  1 0 0 0 1 0 0
   92    10   295     6  0 0 0 1 0 0 0
   93    14   215     6  0 0 0 0 0 1 0
   94     5   815    10  0 0 0 0 1 0 0
   95    42   735    10  0 0 1 1 0 0 0
   96    43   875    10  0 0 0 1 1 0 0
   97    16   800     9  1 0 0 0 1 0 0
   98    44   240    10  0 1 0 0 1 1 0
   99     6   665     7  0 0 0 0 0 0 1
  100     1   990     7  1 0 1 1 0 0 0
  101     6   225    10  1 1 0 1 0 0 0
  102    19   290     9  0 1 0 0 1 0 0
  103     4   505     9  0 1 0 1 0 1 0
  104    11   430     6  0 0 1 0 0 0 0
  105     2   545     5  0 1 1 0 0 1 0
  106    45   540     8  0 0 1 0 0 0 1
  107    18   660     7  0 0 0 0 1 0 0
  108    16   615     7  1 0 0 0 0 0 0
  109    24   870    10  1 0 0 0 0 0 0
  110    46   245     7  1 0 0 0 0 0 0
  111     1   370     7  0 0 1 0 1 0 0
  112     1   990     9  0 0 0 0 0 0 1
  113     1   955     6  1 0 0 0 0 0 0
  114     1   735     7  0 1 1 0 0 0 0
  115     1   815     9  0 0 0 0 1 1 1
  116    47   445     6  1 0 0 0 0 0 0
  117     5   790    10  1 0 0 0 1 0 0
  118     6   395     9  0 0 0 1 1 1 0
  119    17   865     8  0 1 0 0 0 0 0
  120     1   610     9  0 0 0 0 1 0 0
  121    13   130     6  0 1 1 0 0 1 0
  122    21   665     5  1 0 1 0 0 1 0
  123    11   290     8  0 1 0 0 1 0 1
  124    12   760     8  0 1 0 0 0 0 1
  125    16   495     9  1 0 0 1 0 1 0

