DATASET = ORTEC Late VeRoLog 2019
NAME = Instance 10

DAYS = 55
TRUCK_CAPACITY = 18
TRUCK_MAX_DISTANCE = 2000

TRUCK_DISTANCE_COST = 10000
TRUCK_DAY_COST = 100000
TRUCK_COST = 100
TECHNICIAN_DISTANCE_COST = 1000
TECHNICIAN_DAY_COST = 100000
TECHNICIAN_COST = 100000

MACHINES = 7
    1     5   414
    2     5   950
    3     7    21
    4     6   721
    5     6   956
    6     6   410
    7     4   764

LOCATIONS = 274
    1   620   342
    2   448   289
    3   453   385
    4   603   352
    5   353   252
    6   334   388
    7   546   728
    8   579   443
    9   331   507
   10   533   311
   11   203   319
   12   721   768
   13   548   425
   14   279   521
   15   329   513
   16   302   243
   17   592   422
   18   291   239
   19   523   485
   20   470   369
   21   670   713
   22   430   512
   23   535   343
   24   524   398
   25   441   358
   26   348   509
   27   561   342
   28   199   336
   29   670   342
   30   296   239
   31   198   314
   32   606   354
   33   287   300
   34   291   523
   35   735   419
   36   466   388
   37   504    49
   38   603   327
   39   736   421
   40   186   302
   41   757   618
   42   513   362
   43   201   334
   44    71   160
   45   498   318
   46   619   634
   47   499   660
   48   442   346
   49   334   315
   50   260   311
   51   186   375
   52   529   278
   53   478   355
   54   469   161
   55   328   512
   56   291   406
   57   294   510
   58   229   346
   59   373   442
   60   712   704
   61   280   448
   62   422   323
   63   257   422
   64   437   511
   65   275   369
   66   434   508
   67   425   407
   68   195   313
   69   547   618
   70   548   713
   71   285   644
   72   295   597
   73   328   376
   74   415   431
   75   312   477
   76   397   479
   77   326   469
   78   375   375
   79   410   373
   80   590   407
   81   706   703
   82   192   382
   83   568   446
   84   175   271
   85   303   258
   86   432   681
   87   205   389
   88   357   393
   89   358   397
   90   612   348
   91   541   326
   92   270   298
   93   235   443
   94   338   313
   95   613   625
   96   765   667
   97   563   674
   98   225   342
   99   645   603
  100   197   385
  101   533   347
  102   422   398
  103   221   224
  104   226   329
  105   514   489
  106   579   720
  107   258   440
  108   254   327
  109   669   469
  110   272   516
  111   537   645
  112   458   182
  113   209   401
  114   518    79
  115   234   377
  116   526   399
  117   176   372
  118   561   412
  119   359   382
  120   311   459
  121   476   666
  122   369   569
  123   220   415
  124   202   366
  125   695   357
  126   373   578
  127   125   271
  128   503    81
  129   229   364
  130   516   339
  131   335   469
  132   291   219
  133   250   332
  134   548   474
  135   758   442
  136   254   494
  137   197   374
  138   198   387
  139   661   513
  140   546   728
  141   217   330
  142   674   402
  143   258   498
  144   411   240
  145   299   472
  146   362   432
  147   429   442
  148   368   388
  149   400   282
  150   348   437
  151   448   714
  152   236   405
  153   380   568
  154   262   237
  155   320   563
  156   278   365
  157   574   367
  158   456   309
  159   665   703
  160   489   610
  161   313   477
  162   326   262
  163   373   578
  164   575   361
  165   398   256
  166   234   333
  167   541   432
  168   256   321
  169   379   429
  170   522   331
  171   373   444
  172   590   351
  173   217   323
  174   695   788
  175   334   460
  176   310   448
  177   436   430
  178   231   348
  179   163   313
  180   258   351
  181   266   525
  182   540    55
  183   201   323
  184   564   581
  185   240   352
  186   251   358
  187   390   443
  188   550   754
  189   240   382
  190   215   337
  191   273   314
  192   451   460
  193   670   337
  194   257   467
  195   244   352
  196   162   323
  197   476    24
  198   517   340
  199   130   259
  200   409   304
  201   497   270
  202   179   378
  203   495   150
  204   156   345
  205   442   426
  206   585   717
  207   287   609
  208   749   583
  209   493   356
  210   485    23
  211   456   276
  212   666   719
  213   546   585
  214   392   473
  215   262   482
  216   313   485
  217   106   215
  218   329   373
  219   261   528
  220   318   389
  221   520    28
  222   612   519
  223   244   225
  224   755   641
  225   180   381
  226   295   597
  227   547   130
  228   292   491
  229   629   315
  230   302   443
  231   445   292
  232   313   472
  233   108   270
  234   265   482
  235   572   160
  236   497    59
  237   638   519
  238   400   311
  239   266   310
  240   394   260
  241   201   366
  242   371   388
  243   238   383
  244   432   207
  245   700   662
  246   288   458
  247   398   261
  248   425   385
  249   395   380
  250   541   759
  251   711   714
  252   493    57
  253   324   459
  254   336   474
  255   673   746
  256   319   465
  257   270   405
  258   315   471
  259   406   366
  260   257   297
  261   668   718
  262   155   358
  263   584   364
  264   318   467
  265   546   423
  266   329   547
  267   470   288
  268   310   471
  269   259   474
  270   274   300
  271   619   639
  272   228   300
  273   522   655
  274   608   654

REQUESTS = 750
    1   127     1     6     5     3
    2   241     1     2     7     3
    3   188     1     6     1     2
    4    14     1     3     6     3
    5    96     1     3     4     3
    6   199     1     5     3     1
    7   242     1     5     4     2
    8   123     1     2     7     1
    9    33     1     3     6     3
   10   135     1     2     5     2
   11   146     1     6     1     3
   12   144     1     5     2     3
   13    80     1     6     6     1
   14   219     1     6     6     1
   15    55     1     4     6     3
   16    18     1     3     4     1
   17   235     2     3     6     3
   18    64     2     6     4     2
   19   110     2     6     6     3
   20   117     2     4     2     1
   21   195     2     3     7     2
   22   228     2     7     7     2
   23   217     2     4     1     2
   24    90     2     3     6     3
   25   151     2     4     3     2
   26    19     2     6     3     2
   27    49     2     4     7     1
   28    15     3     4     3     1
   29   167     3     8     7     3
   30   184     3     7     6     1
   31   175     3     7     4     3
   32    86     3     7     6     2
   33   114     3     6     1     2
   34   125     3     4     1     2
   35   124     3     5     3     1
   36   170     3     6     6     1
   37   209     3     5     3     1
   38   166     3     7     6     3
   39   236     3     5     4     2
   40    53     3     6     5     1
   41    78     3     7     2     3
   42   146     3     7     4     3
   43   211     3     5     6     3
   44   144     4     7     1     3
   45   109     4     7     1     3
   46    35     4     9     3     1
   47   202     4     7     4     1
   48    61     4     7     6     3
   49    98     4     9     6     2
   50   151     4     6     2     3
   51   145     4     8     3     2
   52     8     4     6     7     3
   53    94     4     9     6     3
   54    35     4     7     2     3
   55    93     4     6     2     2
   56   195     4     6     7     1
   57    84     4     8     4     3
   58   118     5     6     4     3
   59    24     5     6     7     1
   60   226     5     8     1     2
   61    40     5     8     3     1
   62   167     5     6     1     1
   63   224     5     7     5     1
   64   233     5    10     4     3
   65    45     5     8     6     3
   66    91     5     7     5     2
   67     2     5     8     7     1
   68   148     5     9     3     2
   69    58     5     9     5     3
   70    42     5     9     5     2
   71    27     5     7     2     1
   72   234     6     7     4     3
   73    72     6     8     1     1
   74   169     6     7     1     3
   75    32     6     8     6     2
   76   149     6     7     3     1
   77   151     6     9     3     2
   78    31     6     7     4     2
   79   201     6     7     1     3
   80   144     6     7     1     1
   81    70     6    11     1     2
   82    18     6     9     1     1
   83    46     6     8     5     2
   84   245     6     9     1     1
   85   211     6     9     1     1
   86     2     6     8     2     2
   87   145     7     8     1     2
   88   150     7    12     6     1
   89   147     7     9     5     3
   90   160     7    11     7     2
   91    46     7    10     2     1
   92    99     7     8     5     3
   93   240     7    11     2     1
   94   191     7    11     4     3
   95   122     7     9     4     1
   96     7     7     8     6     1
   97   240     7     9     2     2
   98   129     7    12     1     3
   99    89     7    12     3     1
  100   205     7    12     4     3
  101   247     7    12     1     1
  102   179     8    11     2     1
  103   228     8     9     7     2
  104   147     8     9     6     3
  105   153     8    13     7     3
  106    21     8    13     4     3
  107   110     8     9     5     3
  108    36     8    11     3     1
  109   178     8    10     7     3
  110    83     8    10     7     2
  111   152     8    12     3     2
  112     3     8     9     5     2
  113    69     8    10     3     2
  114    41     8    11     3     1
  115    26     8    13     1     3
  116    26     8    10     7     3
  117   200     8    11     5     1
  118    71     8     9     6     3
  119   212     8     9     5     3
  120   152     8    13     4     1
  121   249     9    12     1     1
  122    28     9    14     1     3
  123    47     9    11     5     3
  124   152     9    10     3     1
  125   122     9    11     2     3
  126   247     9    11     2     1
  127   197     9    13     2     2
  128   198     9    12     6     3
  129   184     9    14     5     1
  130    39     9    14     5     3
  131   101     9    10     7     2
  132   237     9    10     2     3
  133    31     9    10     7     3
  134   134     9    10     7     2
  135   193     9    14     1     2
  136   143     9    12     5     3
  137   207    10    13     1     1
  138    57    10    12     3     1
  139   229    10    11     3     1
  140    56    10    14     1     1
  141   162    10    14     4     3
  142    68    10    13     2     1
  143   112    10    13     4     2
  144    92    10    11     4     1
  145   136    11    14     3     2
  146    36    11    16     7     3
  147   140    11    12     1     1
  148   156    11    13     3     2
  149    73    11    12     3     2
  150   119    11    15     4     2
  151   220    11    12     3     2
  152   102    11    13     6     2
  153   223    11    13     6     3
  154   104    11    12     1     3
  155   163    11    13     6     1
  156   181    11    15     5     2
  157   151    11    12     1     3
  158    40    11    14     5     1
  159    54    11    14     7     1
  160   169    11    13     7     2
  161    65    11    12     5     3
  162   112    11    15     5     1
  163   204    11    14     3     2
  164   208    11    16     4     1
  165    11    12    15     2     3
  166    78    12    16     3     1
  167   225    12    13     3     1
  168   136    12    14     7     1
  169   171    12    16     2     1
  170    11    12    15     7     2
  171   170    12    17     3     1
  172    74    12    14     1     1
  173    11    12    16     3     2
  174    50    12    13     4     2
  175     4    12    14     2     1
  176   160    12    14     4     3
  177   102    12    14     4     1
  178   100    12    17     1     3
  179   127    12    14     4     3
  180   173    12    16     4     1
  181   198    13    16     1     1
  182    62    13    15     2     1
  183    94    13    18     5     2
  184    15    13    18     5     2
  185   215    13    16     5     3
  186    20    13    16     2     2
  187    90    13    18     4     1
  188   238    13    14     4     2
  189    86    13    14     4     3
  190   203    13    18     2     2
  191   126    13    17     4     2
  192    83    13    18     6     3
  193   198    13    18     1     1
  194    18    13    18     7     3
  195   154    13    14     3     2
  196    28    13    17     6     2
  197   219    13    17     6     2
  198   178    13    17     6     2
  199   174    13    14     2     2
  200   159    14    16     1     1
  201    16    14    16     6     2
  202    71    14    17     5     2
  203    68    14    15     2     1
  204   213    14    18     4     3
  205   118    14    18     3     2
  206   212    14    16     4     1
  207    84    14    17     5     1
  208   102    14    15     7     2
  209   184    14    16     1     3
  210   208    14    16     2     2
  211   229    14    16     4     3
  212    54    15    17     2     2
  213   234    15    17     6     2
  214    17    15    19     5     1
  215     6    15    16     4     1
  216   207    15    17     2     2
  217    69    15    16     1     1
  218    76    15    20     2     1
  219   239    15    18     3     2
  220    62    15    19     1     3
  221   111    15    20     3     1
  222   152    15    17     5     3
  223   214    15    20     3     1
  224    74    15    20     1     3
  225   251    15    19     5     1
  226    79    16    18     2     1
  227    70    16    21     2     3
  228   102    16    20     5     3
  229    61    16    18     5     2
  230   152    16    17     6     2
  231   112    16    17     5     2
  232   214    16    18     3     1
  233    30    16    18     7     3
  234    36    16    21     6     3
  235   180    16    19     7     3
  236    26    16    18     5     1
  237   107    16    19     3     1
  238   212    16    18     6     2
  239   189    16    21     5     1
  240   222    16    19     1     3
  241   187    16    21     1     1
  242   148    16    20     1     1
  243   194    16    17     1     3
  244   148    16    19     4     3
  245    84    16    21     2     3
  246    68    16    20     3     2
  247   208    16    17     5     1
  248   217    16    17     1     3
  249   193    16    19     3     1
  250    91    16    19     1     3
  251   214    16    18     6     1
  252   161    17    20     4     3
  253   194    17    22     1     1
  254    84    17    19     1     3
  255    48    17    18     2     3
  256    96    17    18     5     1
  257   135    17    22     3     2
  258    53    17    20     5     3
  259   226    17    18     1     2
  260   171    17    21     2     1
  261   139    17    20     6     3
  262   209    17    20     7     3
  263     8    17    19     2     3
  264   236    17    21     6     3
  265    63    17    19     7     3
  266   226    17    22     3     2
  267    49    17    20     3     1
  268    63    18    21     2     3
  269   127    18    20     4     3
  270   143    18    22     6     2
  271   229    18    21     5     2
  272    47    18    22     1     1
  273    96    18    23     6     2
  274    90    18    19     2     1
  275   190    18    22     7     3
  276   111    18    20     7     2
  277   140    18    21     5     3
  278   168    18    19     6     2
  279   184    18    23     5     3
  280   205    18    22     4     1
  281    20    18    23     5     1
  282    79    18    21     4     2
  283    58    18    23     6     3
  284    37    18    20     1     1
  285    52    18    19     5     3
  286   140    19    21     2     2
  287   111    19    20     5     2
  288    36    19    20     7     2
  289    71    19    21     3     2
  290   200    19    24     4     2
  291   125    19    21     4     3
  292   177    19    24     4     2
  293    84    19    23     1     3
  294   248    19    24     1     3
  295   188    19    20     3     1
  296   106    19    20     1     3
  297   187    19    21     3     1
  298   133    19    21     6     3
  299    53    20    24     5     1
  300   132    20    22     7     1
  301    84    20    24     4     3
  302    28    20    22     1     3
  303   242    20    23     1     2
  304    10    20    22     3     1
  305    12    20    23     5     2
  306    71    20    25     1     1
  307   101    20    22     5     2
  308    93    20    22     1     2
  309   127    20    21     3     1
  310    47    20    21     2     3
  311   212    20    22     4     1
  312    44    20    23     6     3
  313   244    20    22     4     1
  314   181    20    22     3     1
  315    66    20    23     1     3
  316   240    20    25     3     2
  317     4    20    22     3     1
  318    22    20    25     4     3
  319   142    20    23     3     1
  320   146    20    21     2     2
  321   103    20    22     3     2
  322   110    21    23     3     1
  323   219    21    25     2     2
  324    26    21    25     5     1
  325   126    21    24     5     1
  326   237    21    22     6     1
  327    79    21    24     7     2
  328   250    21    25     2     3
  329    22    21    26     2     2
  330   126    21    22     6     2
  331    70    21    24     4     1
  332    58    21    26     4     1
  333   147    21    25     7     3
  334   176    21    23     1     2
  335   233    21    24     5     1
  336   158    21    23     6     2
  337   163    21    24     5     2
  338   160    21    23     5     1
  339   193    21    22     7     2
  340   212    21    25     4     2
  341   246    22    27     4     3
  342   150    22    25     1     2
  343   149    22    27     1     2
  344   134    22    26     1     2
  345   248    22    25     4     1
  346   139    22    25     7     1
  347   231    22    23     7     3
  348   144    22    25     5     3
  349   208    22    25     4     3
  350   114    22    26     6     3
  351   102    22    23     6     3
  352    85    22    23     6     2
  353   173    22    26     4     1
  354   115    22    27     3     2
  355    63    22    23     2     3
  356   142    22    26     6     3
  357    97    22    27     6     1
  358    54    23    28     2     1
  359    97    23    28     3     2
  360     4    23    28     6     1
  361    19    23    27     5     2
  362   102    23    25     5     3
  363    74    23    25     3     1
  364    77    23    27     5     2
  365   175    23    27     6     3
  366     4    23    26     3     2
  367   102    23    25     4     3
  368     4    23    25     7     1
  369   230    23    27     2     1
  370   237    23    28     5     3
  371   188    23    27     1     1
  372   107    23    26     2     2
  373   155    23    26     1     1
  374   241    23    25     3     2
  375   113    23    25     7     3
  376    35    23    28     6     3
  377   168    23    26     2     1
  378   115    24    26     3     2
  379    31    24    27     5     2
  380    70    24    28     4     3
  381    25    24    25     7     3
  382   116    24    27     4     2
  383   115    24    25     1     1
  384    38    24    26     4     2
  385   102    24    25     3     1
  386   167    24    25     7     3
  387   224    25    26     4     3
  388    47    25    27     2     2
  389    71    25    27     1     1
  390   142    25    28     5     2
  391    24    25    27     2     3
  392   180    25    26     2     3
  393   230    25    29     4     1
  394    19    25    27     7     3
  395   245    25    29     5     2
  396   126    25    27     1     3
  397   121    25    30     3     2
  398   222    25    29     1     1
  399   136    25    27     2     1
  400    68    25    27     7     1
  401   117    26    30     1     3
  402   122    26    30     6     2
  403   155    26    31     7     2
  404    42    26    28     7     2
  405    48    26    27     4     3
  406   118    26    29     7     2
  407    40    26    30     6     3
  408    46    26    31     2     3
  409   167    26    27     5     3
  410   226    26    29     2     3
  411    25    26    27     1     1
  412   219    26    27     7     3
  413     8    26    27     1     3
  414   105    27    32     5     3
  415    50    27    29     2     2
  416   109    27    29     5     1
  417    56    27    31     6     1
  418    17    27    29     6     2
  419    81    27    29     5     1
  420    85    27    31     6     1
  421   139    27    31     3     1
  422    63    27    31     2     3
  423   147    27    31     2     1
  424    87    27    28     7     2
  425    73    27    30     2     3
  426    68    28    29     3     1
  427   139    28    30     4     3
  428    92    28    32     5     3
  429   248    28    33     4     2
  430    53    28    31     7     3
  431    14    28    29     4     1
  432    92    28    31     7     3
  433   150    28    31     6     2
  434   116    28    33     1     3
  435   128    28    31     5     2
  436   211    28    31     2     3
  437   202    28    33     1     3
  438   107    29    31     2     2
  439    78    29    30     4     2
  440   220    29    31     2     2
  441   151    29    30     6     1
  442   160    29    33     4     2
  443    42    29    30     6     1
  444    88    29    30     6     1
  445   126    29    30     7     3
  446    66    29    33     2     2
  447   208    29    33     5     3
  448    79    29    31     2     3
  449   115    30    35     2     1
  450   236    30    33     5     2
  451    60    30    33     3     2
  452   151    30    31     5     1
  453   171    30    34     1     2
  454   156    30    34     5     2
  455    21    30    35     6     3
  456   217    30    31     5     2
  457   226    30    31     7     3
  458    88    30    33     7     1
  459   174    30    32     1     2
  460    45    30    33     6     3
  461    11    30    33     1     1
  462   113    30    33     7     3
  463   211    30    34     4     2
  464   144    30    31     2     1
  465   102    30    34     6     2
  466   102    30    33     6     1
  467    69    30    34     2     2
  468   207    30    35     6     3
  469   217    31    35     2     1
  470   166    31    35     7     3
  471   215    31    33     2     1
  472    79    31    34     5     3
  473     4    31    34     6     2
  474   166    31    33     3     2
  475     3    31    36     1     3
  476   224    31    35     2     2
  477   180    32    37     7     3
  478   221    32    35     7     2
  479   133    32    34     5     2
  480    52    32    35     1     1
  481   147    32    33     5     1
  482    57    32    34     7     1
  483   149    32    37     5     2
  484     5    32    35     2     2
  485    84    32    33     7     3
  486    74    32    34     2     3
  487   123    32    37     2     2
  488    99    32    37     6     2
  489   127    33    37     2     3
  490    53    33    37     1     1
  491    56    33    36     4     3
  492   101    33    35     6     3
  493   169    33    35     5     3
  494   189    33    38     1     2
  495   240    33    37     6     2
  496    27    33    36     3     1
  497   196    33    37     7     1
  498   174    33    38     5     2
  499    20    33    36     2     2
  500    84    34    36     7     2
  501   178    34    37     1     1
  502    80    34    39     6     2
  503    79    34    36     3     1
  504   231    34    38     7     3
  505    24    34    36     1     2
  506   117    34    36     2     3
  507   227    34    37     4     1
  508   121    34    39     2     2
  509   157    34    36     7     1
  510   136    34    38     4     3
  511    68    34    37     2     2
  512    94    34    37     3     2
  513    13    34    38     2     1
  514   105    35    38     5     2
  515   126    35    40     2     1
  516    55    35    39     7     3
  517   143    35    38     1     2
  518    27    35    36     1     1
  519   192    35    40     7     3
  520   198    35    37     5     1
  521    16    35    39     6     1
  522    79    35    40     6     1
  523    65    36    37     6     3
  524    93    36    40     5     1
  525   168    36    41     7     2
  526   238    36    39     3     1
  527   153    36    39     6     1
  528   198    36    37     5     1
  529   137    36    41     3     1
  530   101    36    38     5     2
  531   137    36    37     6     2
  532   104    36    38     1     3
  533   183    36    37     5     3
  534    45    36    37     5     1
  535    34    36    39     1     3
  536   115    36    39     2     1
  537   237    36    37     3     1
  538   220    36    39     4     2
  539   214    36    38     7     3
  540   101    36    41     2     3
  541     4    36    41     3     1
  542   215    36    37     2     1
  543    40    36    39     3     1
  544   107    36    40     5     1
  545    88    37    39     6     3
  546     6    37    39     1     3
  547   225    37    38     4     3
  548   130    37    42     3     2
  549   205    37    38     7     3
  550   189    37    38     2     3
  551    65    37    39     2     3
  552   221    37    40     4     1
  553   138    37    38     5     2
  554   184    37    40     3     1
  555   246    37    39     6     2
  556    25    37    41     6     2
  557    12    37    41     4     2
  558   186    37    42     7     1
  559   214    37    38     3     1
  560    30    37    40     2     1
  561    26    38    41     3     2
  562    44    38    40     1     1
  563    78    38    43     7     1
  564   118    38    43     7     3
  565   176    38    39     5     2
  566   217    38    39     2     1
  567   122    38    43     7     3
  568   162    38    39     1     2
  569   168    38    40     6     1
  570    50    38    40     5     1
  571   213    38    42     6     1
  572    70    38    42     4     1
  573    34    38    40     6     1
  574    47    38    42     3     2
  575   200    38    39     4     2
  576   200    38    41     5     3
  577   190    38    40     3     2
  578   165    38    39     7     2
  579   114    38    41     7     2
  580    43    38    40     1     1
  581   197    39    42     6     3
  582   198    39    43     1     3
  583    41    39    44     2     1
  584   203    39    43     2     2
  585   233    39    42     7     2
  586   101    39    43     3     1
  587    59    39    43     2     3
  588    34    39    42     4     3
  589    68    39    43     6     3
  590   135    39    44     4     1
  591   149    39    43     5     1
  592    56    39    43     7     3
  593    77    39    44     3     2
  594    65    39    41     7     2
  595   197    39    43     1     2
  596    40    40    41     5     3
  597    13    40    45     2     1
  598    32    40    42     2     1
  599     7    40    44     5     3
  600    60    40    42     4     3
  601   118    40    44     4     1
  602    96    40    41     5     3
  603   101    40    41     4     3
  604    57    40    41     2     2
  605    69    40    43     7     2
  606    20    40    45     5     1
  607   131    40    45     7     1
  608   227    40    43     6     2
  609   145    41    44     1     3
  610   141    41    44     5     1
  611   114    41    45     4     3
  612    17    41    44     6     3
  613    25    41    46     4     2
  614   114    41    43     2     1
  615   191    41    44     7     3
  616    92    41    44     2     2
  617    89    41    46     1     2
  618   216    41    42     1     1
  619   198    41    43     7     2
  620   175    41    44     4     1
  621   249    41    44     1     1
  622    74    41    44     1     2
  623    21    41    46     7     1
  624   100    41    44     2     2
  625     8    41    46     3     2
  626    18    41    45     1     1
  627    27    41    42     6     2
  628   233    41    43     6     2
  629   230    41    43     1     3
  630    91    42    47     6     2
  631    15    42    44     2     2
  632    87    42    46     4     3
  633   139    42    44     1     1
  634   216    42    43     7     1
  635   133    42    44     3     2
  636    47    42    47     2     1
  637   117    42    44     2     2
  638    61    42    44     1     1
  639    27    42    44     6     2
  640   213    42    46     1     1
  641     8    42    47     7     1
  642    35    42    46     5     2
  643   152    42    44     4     1
  644    33    42    43     2     1
  645   167    42    45     3     2
  646   148    42    44     7     3
  647    32    42    44     7     2
  648    72    43    46     1     2
  649   168    43    46     1     1
  650    25    43    44     6     3
  651   239    43    44     4     2
  652    74    43    47     5     1
  653   168    43    47     1     3
  654    77    43    47     7     1
  655   100    43    46     2     2
  656    40    43    46     3     1
  657   214    43    45     3     2
  658   119    43    47     5     2
  659   248    43    48     4     1
  660   124    43    48     4     1
  661    47    43    44     2     2
  662   205    43    48     5     2
  663    52    43    48     4     1
  664   194    43    48     5     1
  665   129    43    47     6     3
  666   101    44    45     2     1
  667    17    44    48     5     3
  668    80    44    47     3     1
  669     7    44    46     6     2
  670     6    44    47     3     1
  671   157    44    49     1     2
  672   145    44    46     4     3
  673    58    44    45     6     3
  674   123    44    47     1     2
  675   107    44    47     4     2
  676    76    44    45     7     2
  677    58    44    45     1     2
  678    15    44    47     7     1
  679    10    45    50     1     3
  680   193    45    47     5     3
  681    95    45    46     6     3
  682   111    45    49     5     3
  683   202    45    47     6     1
  684   117    45    50     6     3
  685    89    45    50     7     1
  686   155    45    50     1     1
  687   197    45    47     7     2
  688    29    45    46     2     3
  689   213    45    49     2     1
  690    63    45    46     1     3
  691   210    45    46     1     1
  692   146    46    48     1     1
  693   243    46    49     1     2
  694   230    46    47     5     2
  695    75    46    48     6     2
  696   215    46    50     2     3
  697   144    46    49     3     1
  698   123    46    47     2     3
  699   240    46    51     2     3
  700   197    46    48     3     1
  701   225    46    49     6     3
  702    83    46    48     3     2
  703   160    46    51     6     3
  704   158    46    51     7     1
  705   118    46    50     1     1
  706   105    46    47     6     2
  707    31    46    50     2     3
  708   175    46    47     4     1
  709   143    47    51     5     3
  710   149    47    48     5     2
  711    57    47    52     1     3
  712    24    47    50     4     3
  713    43    47    48     5     2
  714    18    47    52     1     2
  715   187    47    51     5     2
  716    86    47    50     3     1
  717     3    47    52     4     3
  718   125    47    51     4     2
  719   124    47    52     6     2
  720    94    47    51     6     2
  721   250    47    48     6     1
  722   217    47    50     5     3
  723    83    47    48     5     3
  724   164    47    49     7     2
  725   242    47    50     1     2
  726    17    48    52     4     3
  727   228    48    53     1     1
  728   174    48    49     1     1
  729   148    48    51     7     2
  730    18    48    52     4     1
  731     2    48    53     5     3
  732    35    48    49     4     2
  733   225    48    53     6     1
  734    55    49    52     3     1
  735   179    49    54     3     1
  736   104    49    54     4     2
  737   113    49    51     2     1
  738    57    49    53     4     2
  739    38    49    50     7     1
  740    70    49    52     4     1
  741   156    49    50     3     1
  742   121    49    51     3     1
  743   163    49    50     3     2
  744   165    49    52     3     2
  745    18    49    53     2     2
  746   224    49    52     2     3
  747   152    49    53     3     2
  748   189    49    53     6     2
  749   134    49    50     3     1
  750   122    49    52     3     1

TECHNICIANS = 125
    1   100   629    10  1 0 1 0 0 1 0
    2     1   707     8  0 0 1 0 0 0 0
    3    60   557     7  1 0 1 0 0 0 1
    4   208   119     8  0 0 0 1 0 0 0
    5    61   205     7  0 0 0 1 0 0 1
    6   252   763     9  0 0 0 0 0 0 1
    7   144   694     9  1 0 1 0 0 1 0
    8   189   763     7  0 1 0 1 1 0 0
    9   222   313     5  0 0 0 0 1 0 0
   10   119   466     7  1 0 0 0 0 1 0
   11    73   660     7  0 0 0 0 1 0 1
   12   253   753     9  0 0 1 0 0 0 0
   13   254   388     5  0 0 1 0 0 0 0
   14   244   797     8  1 0 0 0 1 0 1
   15   255   846     6  0 1 0 0 0 1 1
   16     1   580     7  0 0 0 1 0 0 0
   17     1   138     9  0 0 0 1 0 0 0
   18     1   218     9  1 0 0 0 1 1 0
   19   122   327     5  0 0 0 0 1 0 0
   20   256   866    10  1 0 0 0 1 0 0
   21    70   186     7  0 1 0 0 0 1 0
   22   257   849     9  0 0 1 0 0 0 1
   23   258   852     9  0 1 0 0 0 0 0
   24    34   306     8  0 1 0 0 0 0 0
   25   259   843     9  0 0 0 0 0 1 0
   26    26   382     7  0 0 1 1 1 0 0
   27     1   313     8  0 0 0 1 0 0 1
   28   170   725     5  1 0 0 0 0 0 1
   29     1   791    10  0 1 1 0 0 1 0
   30   260   407     6  1 1 1 0 0 0 0
   31   180   423     6  0 0 0 1 0 1 1
   32     1   410     6  1 1 0 1 0 0 0
   33    29   517     6  0 0 0 0 0 1 0
   34    16   680     8  1 0 0 0 1 0 0
   35    87   943     8  1 0 0 0 0 0 0
   36   179   849     8  1 1 0 1 0 0 0
   37   261   794    10  1 0 1 0 0 0 0
   38    32   780     9  0 1 0 1 0 0 1
   39   144   470     9  0 0 0 0 0 0 1
   40   194   753     7  0 1 0 1 1 0 0
   41   213   642     9  0 0 1 0 0 0 0
   42   120   425     9  0 0 0 0 1 0 0
   43    51   275     9  1 0 0 0 1 1 0
   44    44   283     8  1 0 0 0 0 0 1
   45    59   537     9  0 0 0 1 1 0 0
   46   142   561    10  0 0 0 0 0 1 1
   47     1   450     5  1 1 0 0 0 0 1
   48   262   325     7  0 1 1 0 1 0 0
   49   115   291     5  0 0 0 1 0 0 0
   50   263   354     7  0 1 0 0 1 0 0
   51     1   172    10  0 1 0 1 0 0 0
   52   264   251     9  1 0 0 0 0 0 0
   53    65   770     6  0 1 1 0 0 0 1
   54     1   456     5  0 1 0 0 0 1 1
   55   228   400     7  0 1 0 0 0 0 0
   56     1   666     5  1 1 0 0 0 0 0
   57   265   390     6  0 0 0 1 0 0 0
   58     1   934     7  1 0 1 0 0 0 1
   59   104   910     5  0 0 0 1 0 0 0
   60    52   760     9  0 1 0 0 0 0 0
   61   113   859    10  0 1 0 0 1 1 0
   62   266   466     6  0 1 0 1 0 0 1
   63   128   677     6  0 1 0 0 1 0 0
   64    88   311    10  1 1 0 0 0 0 1
   65     1   540     5  0 0 0 0 0 0 1
   66     1   515    10  1 1 0 0 0 0 0
   67   128   937     8  1 0 0 0 0 1 0
   68   188   592     8  0 1 0 0 0 0 0
   69   267   649     5  0 0 0 1 0 1 0
   70   104   873    10  1 0 0 0 1 0 0
   71    40   790     5  0 0 0 0 0 0 1
   72   223   752     9  0 1 0 0 0 1 0
   73   222   477     8  0 0 0 0 1 0 1
   74   166   795     5  0 0 0 0 0 1 0
   75     1   633    10  0 1 0 0 0 0 1
   76     1   376     9  0 0 1 0 0 0 0
   77     1   395    10  0 1 0 0 0 1 0
   78    50   761     9  0 0 0 0 0 1 0
   79     1   682     8  1 0 1 0 0 0 0
   80   268   539     7  0 0 0 1 0 1 1
   81    38   220     7  0 0 0 1 0 0 0
   82     1   900     7  0 0 0 1 0 0 0
   83     1   844     5  0 0 0 0 1 0 0
   84   228   811     5  1 0 0 0 0 0 0
   85    16   882     7  0 1 0 0 0 0 0
   86   269   506    10  0 0 1 0 0 1 1
   87   102   862     7  1 0 1 0 1 0 0
   88   214   115     6  1 0 1 0 0 0 0
   89     9   138     6  0 1 0 1 0 0 0
   90     1   815     8  0 0 0 0 0 0 1
   91   248   111    10  0 1 0 1 0 1 0
   92     2   820     5  0 0 0 0 0 0 1
   93   178   139     9  1 0 0 0 0 0 0
   94     1   901     6  0 0 0 0 1 0 0
   95     1   395     6  0 1 0 0 0 0 0
   96   270   966     5  0 0 0 0 0 1 0
   97   117   891     7  1 0 0 0 0 0 0
   98    65   120     8  1 1 1 0 0 0 0
   99     1   425     6  1 0 1 0 0 0 0
  100   248   460     9  0 1 1 0 0 0 0
  101    64   236     5  0 0 0 1 0 0 0
  102   135   723     5  0 0 1 0 1 0 1
  103   207   617     9  1 0 0 1 1 0 0
  104   248   211     6  0 0 1 0 0 0 1
  105    12   423     9  0 0 1 0 1 0 0
  106   127   939     7  0 0 1 0 0 0 1
  107   203   743     6  1 0 0 0 1 0 0
  108   271   795     6  1 0 0 0 1 1 0
  109   178   984     6  0 0 0 1 1 1 0
  110   272   594     6  1 0 0 1 0 1 0
  111    76   352     5  0 0 1 0 1 0 0
  112   273   201     7  0 1 1 0 1 0 0
  113    88   101     8  0 0 0 0 1 0 0
  114   170   237    10  0 0 0 1 0 0 0
  115   178   143     7  0 0 0 1 0 0 0
  116    63   211    10  0 0 0 1 0 0 1
  117   162   952     5  1 1 0 0 0 0 0
  118     1   362     7  0 1 0 0 0 1 0
  119   140   804     9  0 1 0 0 0 0 1
  120     1   251     5  1 0 1 0 0 0 1
  121    61   816     8  0 0 1 0 0 0 0
  122   243   350     7  1 0 0 0 0 1 1
  123   274   948     8  0 0 1 0 0 1 1
  124   157   647    10  0 0 0 0 0 1 1
  125   175   624     8  1 1 0 0 1 0 0

