DATASET = ORTEC Early VeRoLog 2019 - easy
NAME = Instance 13 easy

DAYS = 35
TRUCK_CAPACITY = 18
TRUCK_MAX_DISTANCE = 1155

TRUCK_DISTANCE_COST = 100
TRUCK_DAY_COST = 10000
TRUCK_COST = 100
TECHNICIAN_DISTANCE_COST = 100
TECHNICIAN_DAY_COST = 10
TECHNICIAN_COST = 1000

MACHINES = 5
	1	6	155
	2	3	420
	3	7	595
	4	8	210
	5	6	775

LOCATIONS = 37
	1	232	338
	2	542	54
	3	75	274
	4	39	203
	5	225	340
	6	325	514
	7	298	277
	8	595	438
	9	583	353
	10	316	466
	11	608	353
	12	326	473
	13	201	340
	14	265	476
	15	453	260
	16	533	437
	17	689	690
	18	307	450
	19	551	677
	20	209	221
	21	571	620
	22	411	373
	23	327	307
	24	742	455
	25	261	545
	26	212	381
	27	298	489
	28	87	134
	29	765	699
	30	696	357
	31	246	343
	32	545	14
	33	332	512
	34	242	409
	35	251	358
	36	276	451
	37	284	639

REQUESTS = 75
	1	26	1	4	5	1
	2	14	1	4	5	3
	3	11	1	6	1	3
	4	9	2	4	2	3
	5	9	2	4	2	1
	6	26	2	4	3	2
	7	9	3	4	5	3
	8	13	3	4	3	1
	9	23	4	9	1	2
	10	17	4	6	4	2
	11	21	5	7	5	3
	12	5	5	6	4	1
	13	23	5	10	2	1
	14	23	6	10	1	2
	15	25	6	7	1	2
	16	12	7	9	4	1
	17	6	7	11	2	3
	18	6	8	9	1	2
	19	7	8	13	5	2
	20	11	9	14	4	2
	21	14	10	13	1	3
	22	2	10	15	1	3
	23	23	10	13	2	2
	24	25	10	14	2	3
	25	15	10	14	2	2
	26	20	10	13	3	2
	27	4	11	16	5	2
	28	10	11	12	1	1
	29	25	11	15	3	1
	30	22	12	16	1	2
	31	4	12	17	1	2
	32	6	12	14	1	2
	33	16	13	16	2	3
	34	18	13	15	3	2
	35	13	13	14	4	2
	36	10	14	16	3	1
	37	13	14	15	1	2
	38	20	15	20	4	2
	39	9	15	16	3	2
	40	16	15	16	5	1
	41	18	15	20	5	3
	42	5	15	17	1	1
	43	3	15	20	5	1
	44	10	16	21	3	2
	45	22	16	17	5	3
	46	15	16	17	5	3
	47	24	16	18	2	1
	48	15	17	22	4	1
	49	2	18	20	4	1
	50	17	18	22	1	3
	51	13	19	21	2	3
	52	5	20	23	5	2
	53	17	20	24	4	1
	54	9	21	25	2	1
	55	18	22	24	5	2
	56	8	22	24	1	2
	57	16	22	27	4	1
	58	24	22	23	5	2
	59	6	22	23	5	3
	60	26	22	26	4	1
	61	25	23	28	2	3
	62	12	23	26	2	3
	63	17	24	29	5	1
	64	13	24	29	1	1
	65	17	24	28	5	1
	66	24	24	28	4	1
	67	14	25	30	1	3
	68	16	25	26	4	1
	69	8	25	27	4	1
	70	24	26	30	5	2
	71	11	26	31	4	1
	72	7	27	28	1	3
	73	19	28	31	5	3
	74	19	28	32	3	1
	75	6	29	33	5	1

TECHNICIANS = 150
1	5	400	5	0	1	0	0	0	
2	10	495	7	0	0	0	1	0	
3	24	480	6	0	0	0	1	0	
4	14	405	8	0	0	0	0	1	
5	1	110	8	0	0	0	0	1	
6	23	85	8	1	1	0	0	1	
7	27	355	7	0	0	0	0	1	
8	1	420	7	0	0	1	1	0	
9	6	145	7	0	1	0	0	1	
10	5	310	6	1	1	0	1	0	
11	1	260	9	0	1	0	1	1	
12	28	280	9	1	0	1	0	1	
13	21	535	10	0	1	0	0	0	
14	23	190	7	0	1	0	0	0	
15	7	300	6	1	0	0	0	0	
16	1	420	8	1	0	0	1	0	
17	1	390	10	1	0	0	0	0	
18	1	840	10	0	0	0	1	0	
19	29	780	10	0	0	0	0	1	
20	1	145	8	1	0	1	0	0	
21	24	305	8	0	0	1	1	0	
22	12	945	10	1	1	1	0	0	
23	23	270	5	0	1	0	0	0	
24	15	605	9	1	1	0	1	0	
25	1	730	8	0	1	1	1	0	
26	30	360	8	1	0	0	0	0	
27	6	925	10	0	1	1	1	0	
28	21	730	9	0	0	1	0	0	
29	4	835	8	1	1	0	1	0	
30	1	555	7	1	0	1	1	0	
31	6	570	9	1	1	0	0	1	
32	31	225	7	0	0	1	0	1	
33	1	535	5	1	1	0	0	1	
34	3	695	7	1	0	0	1	1	
35	1	265	5	0	1	1	0	1	
36	20	455	10	1	0	0	0	1	
37	1	385	5	1	0	0	0	0	
38	23	345	5	0	1	0	0	0	
39	20	120	7	0	0	0	0	1	
40	16	605	7	1	1	0	0	1	
41	5	165	6	0	1	0	0	1	
42	21	865	10	0	1	0	1	1	
43	32	265	5	1	0	0	0	1	
44	10	520	8	0	0	0	0	1	
45	17	980	10	1	1	0	0	0	
46	14	945	9	1	0	0	0	0	
47	33	480	9	1	1	0	1	0	
48	10	585	6	0	0	1	1	1	
49	1	630	6	1	1	1	0	0	
50	10	860	6	0	1	0	0	0	
51	19	785	9	0	1	0	0	0	
52	23	490	7	0	1	0	0	0	
53	34	455	8	0	1	1	0	1	
54	3	960	7	1	0	1	0	0	
55	1	880	5	1	0	1	0	0	
56	6	425	7	1	0	0	1	1	
57	13	670	7	0	0	1	0	1	
58	1	630	5	1	0	0	1	1	
59	35	985	7	0	1	1	0	0	
60	36	685	10	0	1	1	0	1	
61	1	215	8	0	0	1	1	0	
62	24	350	7	0	1	1	0	0	
63	1	835	5	0	1	0	0	0	
64	1	990	6	1	0	0	1	0	
65	4	175	8	0	0	1	1	1	
66	1	375	9	0	1	0	0	0	
67	1	265	6	0	0	0	1	0	
68	1	290	8	1	0	0	1	1	
69	20	430	8	0	1	1	1	0	
70	1	465	9	0	1	0	0	0	
71	13	480	7	0	0	0	0	1	
72	37	515	10	0	0	1	0	0	
73	8	205	7	1	0	1	1	0	
74	24	650	10	0	0	0	1	0	
75	1	975	6	1	0	0	1	1	
76	21	865	10	0	1	0	1	1	
77	21	865	10	0	1	0	1	1	
78	12	945	10	1	1	1	0	0	
79	19	785	9	0	1	0	0	0	
80	12	945	10	1	1	1	0	0	
81	34	455	8	0	1	1	0	1	
82	16	605	7	1	1	0	0	1	
83	3	960	7	1	0	1	0	0	
84	3	695	7	1	0	0	1	1	
85	21	865	10	0	1	0	1	1	
86	36	685	10	0	1	1	0	1	
87	1	975	6	1	0	0	1	1	
88	1	535	5	1	1	0	0	1	
89	1	535	5	1	1	0	0	1	
90	6	570	9	1	1	0	0	1	
91	10	585	6	0	0	1	1	1	
92	19	785	9	0	1	0	0	0	
93	1	990	6	1	0	0	1	0	
94	10	585	6	0	0	1	1	1	
95	21	865	10	0	1	0	1	1	
96	3	960	7	1	0	1	0	0	
97	1	975	6	1	0	0	1	1	
98	6	925	10	0	1	1	1	0	
99	33	480	9	1	1	0	1	0	
100	21	865	10	0	1	0	1	1	
101	12	945	10	1	1	1	0	0	
102	1	975	6	1	0	0	1	1	
103	16	605	7	1	1	0	0	1	
104	35	985	7	0	1	1	0	0	
105	16	605	7	1	1	0	0	1	
106	1	535	5	1	1	0	0	1	
107	1	975	6	1	0	0	1	1	
108	35	985	7	0	1	1	0	0	
109	12	945	10	1	1	1	0	0	
110	10	585	6	0	0	1	1	1	
111	37	515	10	0	0	1	0	0	
112	12	945	10	1	1	1	0	0	
113	1	840	10	0	0	0	1	0	
114	10	585	6	0	0	1	1	1	
115	10	520	8	0	0	0	0	1	
116	10	585	6	0	0	1	1	1	
117	14	945	9	1	0	0	0	0	
118	20	455	10	1	0	0	0	1	
119	12	945	10	1	1	1	0	0	
120	1	975	6	1	0	0	1	1	
121	10	585	6	0	0	1	1	1	
122	16	605	7	1	1	0	0	1	
123	1	840	10	0	0	0	1	0	
124	1	975	6	1	0	0	1	1	
125	16	605	7	1	1	0	0	1	
126	12	945	10	1	1	1	0	0	
127	1	110	8	0	0	0	0	1	
128	21	865	10	0	1	0	1	1	
129	6	925	10	0	1	1	1	0	
130	16	605	7	1	1	0	0	1	
131	12	945	10	1	1	1	0	0	
132	21	865	10	0	1	0	1	1	
133	21	865	10	0	1	0	1	1	
134	1	535	5	1	1	0	0	1	
135	10	585	6	0	0	1	1	1	
136	21	865	10	0	1	0	1	1	
137	34	455	8	0	1	1	0	1	
138	21	865	10	0	1	0	1	1	
139	1	390	10	1	0	0	0	0	
140	16	605	7	1	1	0	0	1	
141	21	865	10	0	1	0	1	1	
142	1	630	5	1	0	0	1	1	
143	8	205	7	1	0	1	1	0	
144	1	975	6	1	0	0	1	1	
145	16	605	7	1	1	0	0	1	
146	1	975	6	1	0	0	1	1	
147	12	945	10	1	1	1	0	0	
148	16	605	7	1	1	0	0	1	
149	12	945	10	1	1	1	0	0	
150	1	535	5	1	1	0	0	1	

