DATASET = ORTEC Early VeRoLog 2019 - easy
NAME = Instance 24 easy

DAYS = 45
TRUCK_CAPACITY = 18
TRUCK_MAX_DISTANCE = 1325

TRUCK_DISTANCE_COST = 100000
TRUCK_DAY_COST = 100000
TRUCK_COST = 100000
TECHNICIAN_DISTANCE_COST = 1000
TECHNICIAN_DAY_COST = 10
TECHNICIAN_COST = 10000

MACHINES = 6
	1	3	775
	2	5	130
	3	7	770
	4	5	530
	5	7	70
	6	3	915

LOCATIONS = 418
	1	206	389
	2	347	368
	3	348	237
	4	566	378
	5	258	297
	6	583	610
	7	268	384
	8	185	339
	9	136	260
	10	420	216
	11	599	575
	12	388	310
	13	473	266
	14	500	322
	15	536	641
	16	497	186
	17	187	382
	18	421	628
	19	550	348
	20	361	287
	21	277	489
	22	263	297
	23	438	196
	24	384	389
	25	261	473
	26	522	331
	27	378	451
	28	673	708
	29	601	726
	30	523	282
	31	161	311
	32	183	380
	33	431	401
	34	321	242
	35	284	637
	36	215	418
	37	48	216
	38	278	305
	39	538	363
	40	729	730
	41	175	369
	42	487	23
	43	261	481
	44	370	399
	45	236	322
	46	253	496
	47	398	424
	48	313	388
	49	184	375
	50	465	420
	51	588	359
	52	301	431
	53	448	711
	54	439	428
	55	249	305
	56	547	332
	57	517	279
	58	206	345
	59	439	516
	60	297	474
	61	296	473
	62	540	764
	63	490	355
	64	481	365
	65	372	445
	66	284	248
	67	751	653
	68	365	390
	69	734	598
	70	329	453
	71	260	418
	72	388	565
	73	203	320
	74	385	442
	75	567	430
	76	202	335
	77	319	477
	78	275	301
	79	708	440
	80	649	324
	81	518	335
	82	264	240
	83	423	415
	84	369	389
	85	231	224
	86	531	427
	87	573	166
	88	640	539
	89	228	341
	90	661	708
	91	660	653
	92	380	399
	93	374	374
	94	259	545
	95	241	335
	96	651	546
	97	106	217
	98	237	338
	99	379	427
	100	572	342
	101	284	554
	102	299	467
	103	578	741
	104	662	722
	105	608	353
	106	264	502
	107	696	726
	108	724	673
	109	445	268
	110	601	350
	111	406	296
	112	175	271
	113	266	378
	114	290	354
	115	206	345
	116	416	416
	117	310	458
	118	360	498
	119	317	471
	120	358	389
	121	322	464
	122	297	624
	123	543	32
	124	261	372
	125	341	403
	126	523	13
	127	752	575
	128	376	557
	129	427	351
	130	246	438
	131	519	312
	132	299	502
	133	329	374
	134	302	493
	135	523	282
	136	219	433
	137	475	321
	138	570	462
	139	213	338
	140	578	400
	141	503	4
	142	651	546
	143	382	388
	144	342	287
	145	268	303
	146	517	349
	147	764	697
	148	527	140
	149	264	312
	150	459	180
	151	290	549
	152	345	550
	153	190	378
	154	142	327
	155	654	723
	156	231	352
	157	150	288
	158	559	340
	159	389	392
	160	415	193
	161	198	310
	162	499	321
	163	329	252
	164	633	686
	165	256	327
	166	555	135
	167	223	295
	168	381	470
	169	316	470
	170	289	559
	171	538	116
	172	242	241
	173	563	106
	174	480	668
	175	330	449
	176	515	720
	177	441	206
	178	235	350
	179	483	495
	180	318	450
	181	639	748
	182	308	252
	183	308	466
	184	336	456
	185	367	389
	186	466	555
	187	422	410
	188	559	504
	189	311	493
	190	580	389
	191	320	472
	192	346	368
	193	174	370
	194	375	431
	195	184	386
	196	565	343
	197	529	278
	198	309	468
	199	490	21
	200	280	448
	201	186	374
	202	483	309
	203	541	619
	204	243	327
	205	177	353
	206	204	343
	207	750	651
	208	144	230
	209	379	360
	210	323	459
	211	140	153
	212	376	432
	213	302	478
	214	250	228
	215	303	443
	216	220	415
	217	323	370
	218	554	421
	219	582	689
	220	384	584
	221	366	306
	222	407	160
	223	651	431
	224	539	769
	225	730	752
	226	634	446
	227	350	298
	228	534	54
	229	569	511
	230	483	360
	231	256	321
	232	206	345
	233	514	35
	234	317	389
	235	370	453
	236	458	180
	237	341	391
	238	550	585
	239	645	467
	240	216	320
	241	285	551
	242	604	475
	243	606	655
	244	191	379
	245	356	330
	246	255	468
	247	293	248
	248	604	400
	249	518	271
	250	306	472
	251	151	195
	252	472	367
	253	231	348
	254	576	690
	255	499	17
	256	71	270
	257	573	513
	258	551	397
	259	357	231
	260	315	306
	261	549	2
	262	252	259
	263	210	210
	264	484	660
	265	339	513
	266	658	613
	267	458	352
	268	267	456
	269	316	466
	270	542	359
	271	136	260
	272	233	439
	273	357	399
	274	233	339
	275	758	687
	276	601	358
	277	466	262
	278	181	355
	279	421	219
	280	560	696
	281	294	236
	282	389	307
	283	354	559
	284	481	670
	285	242	339
	286	521	315
	287	510	702
	288	504	418
	289	359	359
	290	704	454
	291	450	369
	292	547	500
	293	396	484
	294	268	505
	295	655	397
	296	267	490
	297	330	451
	298	562	342
	299	211	173
	300	704	705
	301	323	459
	302	317	370
	303	331	450
	304	198	184
	305	222	279
	306	576	168
	307	266	474
	308	271	312
	309	296	497
	310	521	311
	311	110	212
	312	598	326
	313	284	544
	314	321	490
	315	429	420
	316	315	470
	317	627	380
	318	512	336
	319	511	55
	320	181	337
	321	489	24
	322	478	247
	323	201	334
	324	529	278
	325	260	557
	326	183	310
	327	363	283
	328	217	319
	329	687	466
	330	261	422
	331	575	475
	332	501	312
	333	222	248
	334	638	698
	335	273	367
	336	545	714
	337	248	352
	338	565	691
	339	366	239
	340	658	722
	341	184	382
	342	737	427
	343	660	653
	344	666	498
	345	472	786
	346	151	171
	347	568	429
	348	428	173
	349	524	313
	350	698	354
	351	277	452
	352	257	343
	353	525	169
	354	444	676
	355	541	22
	356	285	365
	357	486	522
	358	505	133
	359	379	429
	360	275	572
	361	734	440
	362	390	453
	363	492	296
	364	504	311
	365	333	378
	366	245	331
	367	471	463
	368	232	360
	369	663	717
	370	247	342
	371	332	454
	372	228	344
	373	274	301
	374	399	380
	375	687	471
	376	451	634
	377	332	441
	378	383	434
	379	220	342
	380	282	547
	381	251	348
	382	325	469
	383	611	412
	384	524	27
	385	330	451
	386	13	149
	387	379	329
	388	333	455
	389	559	696
	390	201	335
	391	319	477
	392	161	317
	393	543	360
	394	705	650
	395	291	406
	396	515	339
	397	247	346
	398	686	693
	399	326	229
	400	199	366
	401	295	344
	402	249	347
	403	284	576
	404	754	553
	405	272	298
	406	317	370
	407	643	439
	408	438	209
	409	109	261
	410	280	552
	411	57	227
	412	329	462
	413	222	400
	414	226	378
	415	186	343
	416	316	468
	417	689	474
	418	716	443

REQUESTS = 1200
	1	155	1	3	6	1
	2	334	1	2	1	2
	3	231	1	2	6	1
	4	167	1	3	2	1
	5	307	1	2	3	2
	6	283	1	3	4	1
	7	185	1	3	4	1
	8	198	1	2	5	1
	9	187	1	6	5	2
	10	88	1	2	4	1
	11	392	1	6	2	3
	12	366	1	4	6	1
	13	86	1	6	2	1
	14	154	1	2	3	2
	15	298	1	6	6	2
	16	136	1	6	4	2
	17	391	1	4	1	3
	18	206	1	2	4	1
	19	143	1	3	6	2
	20	46	1	6	4	1
	21	113	1	5	4	1
	22	45	1	5	4	2
	23	216	1	3	4	1
	24	62	1	2	4	3
	25	154	1	6	5	1
	26	352	2	3	6	3
	27	362	2	3	5	2
	28	364	2	5	3	2
	29	244	2	6	3	2
	30	66	2	5	2	2
	31	156	2	4	1	2
	32	265	2	6	5	1
	33	161	2	3	2	3
	34	215	2	3	1	1
	35	170	2	7	1	2
	36	82	2	7	6	3
	37	138	2	4	3	2
	38	32	2	3	5	2
	39	90	2	6	1	1
	40	323	2	5	6	2
	41	181	2	5	4	3
	42	267	2	6	1	1
	43	313	2	5	6	1
	44	304	2	7	3	1
	45	8	2	4	5	1
	46	270	2	5	6	3
	47	58	2	3	2	2
	48	194	2	6	6	3
	49	17	2	7	6	2
	50	259	2	7	1	1
	51	324	2	3	6	3
	52	263	2	6	4	1
	53	174	2	5	4	2
	54	107	2	5	6	1
	55	190	3	4	1	1
	56	384	3	4	3	2
	57	335	3	6	5	1
	58	132	3	7	2	2
	59	370	3	8	4	2
	60	4	3	4	5	1
	61	322	3	8	3	1
	62	166	3	7	4	1
	63	175	3	6	5	2
	64	348	3	8	3	2
	65	381	3	5	3	2
	66	331	3	7	4	1
	67	131	3	7	1	1
	68	227	3	8	3	2
	69	348	3	5	4	2
	70	52	3	5	5	2
	71	354	3	7	3	1
	72	7	3	8	3	2
	73	330	3	7	4	2
	74	26	3	8	4	1
	75	57	3	6	5	1
	76	262	3	7	3	1
	77	308	3	8	3	1
	78	205	3	8	5	1
	79	64	3	8	1	1
	80	215	3	5	5	2
	81	235	3	4	6	3
	82	144	3	5	3	1
	83	307	3	5	1	3
	84	181	3	8	2	2
	85	109	3	7	5	1
	86	223	3	8	1	1
	87	273	3	7	6	2
	88	253	4	7	1	3
	89	84	4	6	5	2
	90	374	4	5	1	1
	91	125	4	5	3	1
	92	281	4	6	1	3
	93	330	4	9	1	2
	94	136	4	5	1	3
	95	327	4	6	6	1
	96	3	4	9	4	2
	97	245	4	6	6	3
	98	28	4	7	6	3
	99	312	4	8	3	2
	100	34	4	8	4	1
	101	220	4	9	6	1
	102	191	4	6	5	2
	103	251	4	8	2	2
	104	318	4	9	2	3
	105	106	4	6	4	3
	106	292	4	8	6	3
	107	134	4	5	4	1
	108	189	4	9	4	2
	109	39	4	7	6	3
	110	69	4	5	6	2
	111	220	4	9	4	3
	112	48	4	6	6	3
	113	56	4	5	5	2
	114	93	4	7	5	2
	115	225	4	5	1	1
	116	297	4	8	5	2
	117	396	4	5	3	2
	118	299	4	6	2	1
	119	191	4	5	1	2
	120	77	4	8	1	3
	121	246	5	10	3	1
	122	76	5	10	1	1
	123	349	5	7	4	3
	124	202	5	9	2	1
	125	299	5	7	1	3
	126	398	5	8	5	2
	127	310	5	10	3	1
	128	89	5	6	1	3
	129	112	5	7	1	1
	130	260	5	10	3	1
	131	282	5	10	2	2
	132	345	5	8	4	2
	133	172	5	6	6	1
	134	294	5	6	5	1
	135	377	5	8	5	2
	136	76	5	8	3	2
	137	277	5	8	5	1
	138	97	5	7	4	1
	139	221	5	9	3	2
	140	280	5	10	6	2
	141	128	5	6	2	2
	142	26	6	9	4	1
	143	121	6	7	2	2
	144	306	6	10	3	2
	145	189	6	7	2	3
	146	352	6	8	4	1
	147	45	6	8	4	3
	148	9	6	9	5	2
	149	294	6	10	6	3
	150	9	6	11	6	3
	151	56	6	10	1	1
	152	385	6	9	5	2
	153	395	6	10	4	3
	154	148	6	9	3	1
	155	119	6	9	2	1
	156	144	6	9	1	3
	157	399	6	7	1	2
	158	56	6	8	3	2
	159	140	6	9	1	2
	160	299	6	8	3	1
	161	64	6	8	6	2
	162	259	6	9	6	3
	163	140	6	9	3	2
	164	19	6	8	1	1
	165	184	6	8	5	1
	166	230	6	9	3	2
	167	30	6	11	5	1
	168	151	6	10	6	3
	169	354	6	7	4	2
	170	152	6	8	6	1
	171	272	6	7	5	2
	172	392	6	9	3	2
	173	369	6	8	3	1
	174	244	7	9	4	2
	175	51	7	12	5	1
	176	59	7	10	2	2
	177	43	7	12	6	2
	178	343	7	10	5	1
	179	325	7	9	6	1
	180	352	7	11	2	2
	181	352	7	11	6	2
	182	53	7	12	6	2
	183	336	7	10	2	1
	184	182	7	10	5	1
	185	245	7	8	4	3
	186	230	7	12	2	2
	187	22	7	8	5	1
	188	141	7	8	6	3
	189	355	7	12	6	2
	190	254	7	9	4	2
	191	25	7	11	1	3
	192	64	7	11	1	1
	193	372	7	12	6	1
	194	126	7	9	6	1
	195	124	7	12	1	3
	196	74	7	11	2	2
	197	130	7	10	5	2
	198	34	7	9	6	2
	199	123	7	12	2	1
	200	7	8	11	5	2
	201	94	8	13	6	1
	202	38	8	13	4	1
	203	306	8	13	3	1
	204	256	8	12	2	2
	205	74	8	13	4	3
	206	91	8	10	4	2
	207	200	8	12	3	2
	208	105	8	9	1	1
	209	262	8	9	3	1
	210	91	8	13	1	3
	211	50	8	12	2	2
	212	325	8	12	1	2
	213	169	8	11	6	2
	214	90	8	11	1	2
	215	388	8	9	5	2
	216	224	8	12	6	3
	217	26	8	11	1	3
	218	276	8	9	4	3
	219	340	8	9	1	3
	220	268	8	12	3	2
	221	202	8	9	5	2
	222	161	8	10	5	1
	223	76	8	9	3	2
	224	139	8	11	1	3
	225	383	8	10	3	2
	226	303	8	10	6	3
	227	357	8	11	3	1
	228	339	8	11	5	2
	229	223	8	12	4	3
	230	240	8	11	5	1
	231	100	8	12	6	3
	232	44	9	13	6	3
	233	272	9	11	6	1
	234	385	9	14	1	1
	235	294	9	14	5	2
	236	252	9	12	4	1
	237	378	9	11	3	1
	238	242	9	13	3	2
	239	287	9	13	6	2
	240	177	9	12	1	1
	241	209	9	10	3	1
	242	54	9	11	5	1
	243	234	9	12	4	1
	244	355	9	12	3	2
	245	393	9	13	3	2
	246	62	9	10	4	2
	247	135	9	14	6	3
	248	348	9	10	1	3
	249	230	9	12	4	3
	250	355	9	12	1	3
	251	64	9	14	2	3
	252	357	9	14	1	2
	253	42	9	14	3	1
	254	234	9	13	5	2
	255	47	9	13	1	1
	256	251	9	12	3	2
	257	342	9	11	2	3
	258	195	9	14	1	2
	259	8	10	12	6	1
	260	343	10	12	4	3
	261	293	10	12	5	1
	262	277	10	11	3	2
	263	103	10	11	6	2
	264	382	10	12	6	1
	265	360	10	14	6	3
	266	320	10	13	1	2
	267	359	10	13	4	2
	268	268	10	13	1	3
	269	252	10	11	2	2
	270	309	10	12	1	1
	271	76	10	11	1	3
	272	21	10	13	2	1
	273	53	10	14	6	3
	274	98	10	14	6	3
	275	145	10	13	3	1
	276	39	10	13	2	1
	277	295	10	12	2	2
	278	351	10	15	4	2
	279	72	10	11	2	1
	280	328	10	12	5	2
	281	257	10	13	5	2
	282	355	10	15	1	3
	283	47	10	15	4	2
	284	189	10	13	2	3
	285	97	10	11	2	3
	286	283	11	15	2	3
	287	341	11	14	1	2
	288	223	11	15	3	2
	289	153	11	14	5	2
	290	337	11	16	4	2
	291	169	11	14	3	1
	292	228	11	15	6	3
	293	193	11	14	2	1
	294	397	11	12	6	1
	295	380	11	12	6	1
	296	375	11	12	3	1
	297	164	11	16	6	3
	298	69	11	15	3	1
	299	38	11	13	3	2
	300	179	11	13	5	1
	301	381	11	12	5	2
	302	197	11	15	2	2
	303	183	11	14	6	3
	304	186	11	16	2	3
	305	20	11	13	6	1
	306	292	11	14	3	2
	307	316	11	14	2	1
	308	30	11	16	4	2
	309	219	11	16	5	2
	310	275	11	15	2	2
	311	268	11	13	5	1
	312	382	11	16	5	1
	313	219	11	14	5	2
	314	82	11	15	1	1
	315	182	11	12	3	2
	316	243	11	15	3	1
	317	146	11	16	2	2
	318	284	11	14	1	2
	319	116	12	16	1	1
	320	123	12	15	1	1
	321	160	12	15	5	1
	322	74	12	15	2	2
	323	169	12	16	5	1
	324	51	12	14	5	1
	325	133	12	16	2	3
	326	212	12	17	3	1
	327	252	12	16	3	1
	328	44	12	13	1	1
	329	296	12	13	5	1
	330	213	12	14	5	2
	331	325	12	16	4	1
	332	77	12	15	6	1
	333	198	12	16	2	1
	334	170	12	15	5	1
	335	238	12	14	2	3
	336	160	12	15	3	1
	337	15	12	14	5	2
	338	280	12	17	1	2
	339	323	12	14	4	2
	340	157	12	15	4	3
	341	253	12	17	2	2
	342	115	12	13	6	1
	343	148	12	15	4	3
	344	100	12	14	4	1
	345	16	12	14	1	2
	346	192	12	17	1	2
	347	85	12	17	1	1
	348	253	12	16	2	1
	349	313	12	17	4	2
	350	263	12	16	3	1
	351	359	12	16	5	1
	352	123	12	13	2	2
	353	262	12	14	1	3
	354	370	13	16	2	3
	355	175	13	15	1	1
	356	392	13	16	1	1
	357	136	13	15	4	1
	358	100	13	17	6	2
	359	100	13	15	1	2
	360	162	13	14	3	2
	361	189	13	17	5	1
	362	376	13	17	1	3
	363	302	13	14	6	3
	364	36	13	15	2	2
	365	152	13	16	4	1
	366	110	13	17	3	2
	367	285	13	17	1	2
	368	27	13	18	5	1
	369	294	13	18	4	1
	370	11	13	14	3	2
	371	151	13	17	3	2
	372	322	13	14	5	2
	373	116	13	15	2	3
	374	57	13	18	6	2
	375	77	13	14	1	3
	376	271	13	17	5	1
	377	191	14	17	4	1
	378	84	14	18	3	2
	379	79	14	16	1	3
	380	173	14	15	5	1
	381	163	14	18	2	3
	382	266	14	16	2	3
	383	122	14	15	6	2
	384	79	14	19	6	1
	385	199	14	18	4	3
	386	222	14	18	5	2
	387	363	14	19	5	1
	388	334	14	19	4	1
	389	255	14	15	4	1
	390	23	14	16	5	2
	391	361	14	17	6	3
	392	399	14	16	4	3
	393	200	14	16	3	1
	394	295	14	17	2	2
	395	235	14	15	6	1
	396	79	14	16	1	3
	397	330	14	18	6	2
	398	331	14	18	4	2
	399	149	14	17	5	1
	400	84	14	18	3	2
	401	151	14	15	4	3
	402	328	14	17	3	1
	403	245	14	17	6	1
	404	214	14	18	1	2
	405	318	15	19	5	1
	406	280	15	19	3	2
	407	201	15	18	1	2
	408	373	15	20	4	3
	409	155	15	20	6	1
	410	159	15	20	5	1
	411	100	15	20	2	3
	412	317	15	16	2	1
	413	174	15	19	5	1
	414	183	15	19	2	3
	415	56	15	19	6	2
	416	19	15	19	5	2
	417	126	15	20	3	2
	418	263	15	18	2	2
	419	47	15	19	2	1
	420	356	15	20	1	1
	421	211	15	20	5	2
	422	394	15	16	3	1
	423	9	15	18	1	3
	424	273	15	20	3	1
	425	14	15	16	5	2
	426	6	15	18	6	1
	427	46	15	17	6	3
	428	83	15	20	1	1
	429	348	15	20	3	2
	430	48	15	20	3	1
	431	117	15	17	3	1
	432	225	15	17	4	2
	433	41	15	18	1	1
	434	72	15	18	3	1
	435	379	15	18	1	3
	436	169	15	19	3	2
	437	150	15	17	4	2
	438	346	15	20	4	1
	439	86	15	19	2	1
	440	53	16	20	3	1
	441	282	16	17	2	2
	442	308	16	19	5	2
	443	203	16	21	1	1
	444	7	16	21	3	1
	445	236	16	19	1	1
	446	46	16	20	3	2
	447	266	16	19	1	1
	448	308	16	19	3	2
	449	370	16	18	4	1
	450	74	16	17	4	2
	451	131	16	20	5	1
	452	314	16	17	1	1
	453	222	16	19	6	1
	454	27	16	20	2	2
	455	153	16	19	2	2
	456	141	16	17	5	1
	457	215	16	17	4	3
	458	244	16	21	3	2
	459	215	16	17	4	3
	460	157	16	19	5	2
	461	199	16	18	6	3
	462	177	16	18	1	2
	463	245	16	19	1	1
	464	200	16	21	4	3
	465	37	16	20	5	1
	466	139	16	19	6	1
	467	228	16	17	6	1
	468	178	16	17	3	2
	469	376	16	17	1	1
	470	360	16	20	3	1
	471	379	16	19	3	1
	472	33	16	21	4	2
	473	87	16	20	4	3
	474	187	17	22	2	1
	475	193	17	19	5	1
	476	261	17	22	1	1
	477	210	17	19	1	1
	478	192	17	18	3	1
	479	261	17	22	1	2
	480	176	17	20	6	3
	481	296	17	19	4	2
	482	134	17	20	3	1
	483	302	17	20	5	1
	484	120	17	21	6	2
	485	185	17	22	3	2
	486	313	17	21	6	3
	487	167	17	18	5	1
	488	47	17	18	2	3
	489	163	17	19	3	1
	490	296	17	20	6	3
	491	185	17	18	1	3
	492	387	17	22	4	2
	493	249	17	21	1	2
	494	113	17	19	2	3
	495	140	17	21	1	1
	496	204	17	20	4	1
	497	331	17	21	4	1
	498	381	17	22	6	1
	499	173	17	19	2	3
	500	149	17	20	2	1
	501	25	17	18	6	2
	502	137	17	21	1	2
	503	177	17	19	4	1
	504	9	17	22	5	2
	505	372	18	19	5	2
	506	72	18	21	1	1
	507	143	18	22	4	2
	508	95	18	23	1	1
	509	237	18	19	5	2
	510	33	18	19	5	1
	511	335	18	21	2	2
	512	211	18	23	6	3
	513	264	18	23	3	1
	514	304	18	19	3	1
	515	70	18	23	5	1
	516	183	18	20	6	3
	517	249	18	21	2	1
	518	27	18	21	1	2
	519	240	18	23	2	1
	520	159	18	23	5	2
	521	347	18	21	4	3
	522	222	18	23	5	1
	523	96	18	22	4	1
	524	135	18	23	2	2
	525	141	18	21	1	2
	526	268	18	22	3	2
	527	230	18	23	5	2
	528	151	18	20	3	1
	529	295	18	23	3	1
	530	123	18	21	3	1
	531	248	18	21	3	1
	532	400	18	20	6	2
	533	116	18	22	5	1
	534	278	18	21	3	2
	535	401	18	22	3	1
	536	98	18	19	1	3
	537	235	18	21	2	1
	538	97	19	23	6	2
	539	38	19	23	6	1
	540	318	19	24	6	2
	541	133	19	23	2	2
	542	191	19	22	6	1
	543	25	19	21	6	3
	544	261	19	20	6	2
	545	359	19	23	1	3
	546	299	19	21	3	1
	547	272	19	23	1	2
	548	11	19	22	5	2
	549	159	19	24	6	3
	550	174	19	22	2	3
	551	120	19	23	1	3
	552	336	19	21	3	2
	553	21	19	21	2	2
	554	93	19	22	3	2
	555	73	19	23	4	3
	556	71	19	21	2	2
	557	66	19	23	3	1
	558	202	19	23	5	1
	559	168	19	21	6	2
	560	165	19	23	2	3
	561	210	19	23	3	2
	562	25	19	23	3	2
	563	233	19	22	2	3
	564	393	19	22	3	1
	565	332	19	24	1	2
	566	304	19	23	4	2
	567	49	19	22	6	2
	568	85	19	24	2	3
	569	84	20	24	6	3
	570	143	20	25	3	1
	571	32	20	21	5	1
	572	349	20	22	5	2
	573	158	20	23	1	1
	574	83	20	21	4	1
	575	274	20	21	1	3
	576	59	20	23	6	1
	577	314	20	25	4	1
	578	21	20	22	1	3
	579	188	20	25	5	2
	580	96	20	21	3	2
	581	47	20	24	6	1
	582	393	20	23	6	3
	583	242	20	21	4	1
	584	358	20	24	1	1
	585	193	20	23	2	2
	586	75	20	25	6	3
	587	355	20	22	5	2
	588	29	20	24	2	2
	589	308	20	24	3	2
	590	381	21	24	1	3
	591	139	21	22	2	3
	592	315	21	25	1	2
	593	198	21	24	1	2
	594	198	21	24	6	3
	595	388	21	24	1	2
	596	236	21	25	2	2
	597	58	21	24	3	1
	598	364	21	23	6	1
	599	138	21	25	4	3
	600	135	21	26	2	2
	601	311	21	22	4	3
	602	112	21	22	4	2
	603	229	21	26	4	1
	604	356	21	22	4	3
	605	33	21	23	2	2
	606	379	21	23	1	3
	607	2	21	22	1	2
	608	284	21	25	6	2
	609	172	21	24	3	1
	610	341	21	22	5	2
	611	282	21	26	6	2
	612	308	21	23	3	2
	613	313	21	22	5	2
	614	278	21	26	5	2
	615	151	21	26	4	1
	616	150	21	25	4	3
	617	274	21	26	6	3
	618	276	21	26	3	1
	619	400	21	25	2	3
	620	185	21	25	3	2
	621	244	21	23	3	2
	622	136	21	25	5	1
	623	296	21	26	4	2
	624	279	21	25	6	3
	625	301	21	26	4	1
	626	135	21	22	6	3
	627	365	21	23	1	3
	628	72	21	25	2	2
	629	20	21	24	6	3
	630	59	21	26	6	3
	631	145	21	26	2	1
	632	237	21	25	2	3
	633	222	21	25	5	2
	634	215	22	26	5	1
	635	312	22	27	1	2
	636	389	22	27	5	1
	637	59	22	24	2	2
	638	189	22	24	2	3
	639	29	22	24	4	3
	640	75	22	24	6	3
	641	185	22	23	6	3
	642	343	22	26	3	2
	643	310	22	25	1	2
	644	97	22	25	5	1
	645	97	22	26	2	3
	646	356	22	27	3	1
	647	220	22	27	1	2
	648	375	22	25	5	2
	649	294	22	26	1	3
	650	2	22	24	5	1
	651	312	22	27	2	2
	652	167	22	23	4	2
	653	253	22	25	5	1
	654	109	22	27	6	2
	655	293	22	23	3	1
	656	206	22	25	1	2
	657	254	22	24	6	3
	658	146	22	25	1	2
	659	344	22	27	6	1
	660	126	22	23	1	3
	661	369	22	26	4	3
	662	70	22	25	3	2
	663	277	22	25	2	3
	664	142	22	27	6	3
	665	287	22	24	3	1
	666	325	22	26	6	1
	667	359	23	26	1	1
	668	285	23	24	1	1
	669	166	23	25	4	1
	670	29	23	24	1	1
	671	69	23	25	6	1
	672	167	23	27	2	1
	673	160	23	28	6	1
	674	375	23	28	1	1
	675	121	23	24	6	3
	676	201	23	24	5	2
	677	211	23	28	4	3
	678	279	23	28	5	2
	679	217	23	24	2	3
	680	337	23	26	1	3
	681	303	23	28	1	3
	682	238	23	27	3	1
	683	250	23	25	2	3
	684	271	23	28	5	2
	685	41	23	25	2	1
	686	118	23	27	1	2
	687	168	23	24	2	2
	688	325	23	27	2	2
	689	300	23	27	5	1
	690	169	23	28	6	1
	691	157	23	25	6	3
	692	290	23	24	5	2
	693	26	23	27	1	2
	694	86	23	26	3	2
	695	49	23	25	6	2
	696	152	23	28	2	3
	697	387	23	28	6	3
	698	247	23	26	1	3
	699	100	23	24	3	2
	700	66	23	24	6	1
	701	7	23	27	6	2
	702	354	23	28	1	1
	703	230	23	27	1	2
	704	210	23	27	5	2
	705	355	23	24	4	3
	706	76	23	28	4	2
	707	67	23	28	6	3
	708	368	23	28	5	2
	709	81	23	24	6	2
	710	30	24	25	2	1
	711	183	24	29	2	1
	712	58	24	29	2	2
	713	123	24	28	4	1
	714	357	24	25	1	3
	715	56	24	27	1	1
	716	185	24	26	2	2
	717	38	24	27	6	3
	718	344	24	26	2	3
	719	96	24	26	1	3
	720	180	24	25	5	1
	721	184	24	28	6	2
	722	314	24	29	1	2
	723	258	24	28	1	3
	724	353	24	27	4	1
	725	371	24	27	1	3
	726	319	24	26	5	2
	727	230	24	29	3	1
	728	321	24	27	4	2
	729	385	24	28	5	1
	730	397	24	27	2	3
	731	7	24	29	1	1
	732	265	24	25	6	3
	733	201	24	28	5	1
	734	229	24	26	1	3
	735	27	24	25	2	3
	736	122	24	26	3	2
	737	343	25	30	1	2
	738	62	25	26	2	2
	739	37	25	27	4	3
	740	127	25	29	3	2
	741	206	25	28	3	1
	742	54	25	29	5	1
	743	350	25	28	5	1
	744	133	25	30	1	2
	745	368	25	29	1	3
	746	55	25	30	3	2
	747	37	25	28	2	2
	748	294	25	27	4	3
	749	385	25	27	6	3
	750	121	25	28	1	2
	751	61	25	27	1	3
	752	113	25	30	6	3
	753	272	25	26	6	2
	754	401	25	26	4	1
	755	67	25	28	1	3
	756	197	25	28	4	3
	757	136	25	28	3	2
	758	154	25	30	2	3
	759	382	25	29	3	2
	760	66	25	27	3	2
	761	263	25	30	5	1
	762	104	25	28	3	2
	763	379	25	27	4	3
	764	184	25	26	6	1
	765	21	25	26	1	1
	766	322	26	29	4	2
	767	48	26	28	3	1
	768	160	26	31	4	2
	769	33	26	29	6	3
	770	72	26	28	1	2
	771	200	26	27	4	2
	772	204	26	27	2	2
	773	189	26	29	3	2
	774	283	26	29	4	1
	775	202	26	29	1	3
	776	182	26	31	6	3
	777	76	26	28	2	1
	778	84	26	29	1	1
	779	325	26	28	1	1
	780	31	26	28	6	2
	781	27	26	31	2	2
	782	235	26	30	5	1
	783	10	26	28	6	1
	784	25	26	29	3	2
	785	202	26	27	2	2
	786	85	26	31	5	1
	787	297	26	28	1	1
	788	136	26	30	5	2
	789	53	26	29	2	2
	790	223	26	27	2	3
	791	354	26	28	5	2
	792	103	26	31	5	1
	793	232	26	28	4	3
	794	175	26	29	2	3
	795	103	26	27	4	1
	796	355	26	29	6	1
	797	396	26	27	3	1
	798	84	26	31	3	2
	799	118	26	28	4	2
	800	181	26	28	5	2
	801	395	26	29	5	1
	802	127	26	28	2	1
	803	346	26	30	5	2
	804	164	27	31	2	1
	805	104	27	31	5	1
	806	247	27	31	4	2
	807	91	27	32	4	2
	808	305	27	30	2	2
	809	141	27	29	5	2
	810	99	27	31	2	1
	811	232	27	30	4	2
	812	30	27	29	4	1
	813	70	27	30	1	2
	814	191	27	30	3	2
	815	216	27	31	6	3
	816	244	27	31	3	1
	817	108	27	30	3	2
	818	193	27	30	5	1
	819	7	27	31	3	1
	820	39	27	29	3	2
	821	120	27	29	2	3
	822	81	27	32	1	3
	823	87	27	32	1	3
	824	207	27	32	6	2
	825	319	27	31	1	1
	826	392	27	31	3	1
	827	372	27	28	5	2
	828	159	27	32	1	1
	829	218	27	29	2	1
	830	62	28	29	5	1
	831	36	28	32	2	2
	832	204	28	33	3	1
	833	17	28	29	6	3
	834	269	28	31	5	2
	835	242	28	32	1	1
	836	288	28	30	5	2
	837	310	28	32	5	2
	838	296	28	29	5	2
	839	353	28	33	6	1
	840	153	28	31	3	1
	841	48	28	31	2	1
	842	91	28	31	3	2
	843	63	28	32	2	3
	844	400	28	33	2	2
	845	87	28	30	6	2
	846	329	28	32	6	3
	847	198	28	32	2	1
	848	290	28	31	2	3
	849	385	28	31	4	2
	850	66	29	34	1	1
	851	396	29	33	4	2
	852	211	29	34	4	2
	853	385	29	31	4	1
	854	341	29	34	3	2
	855	12	29	34	3	1
	856	171	29	32	6	3
	857	145	29	34	6	1
	858	20	29	32	4	1
	859	401	29	31	3	2
	860	359	29	32	1	1
	861	169	29	31	1	2
	862	212	29	33	3	2
	863	271	29	30	3	1
	864	376	29	32	3	1
	865	52	29	32	6	3
	866	203	29	34	1	3
	867	89	29	33	4	2
	868	166	29	30	1	1
	869	196	29	33	4	1
	870	382	29	30	6	2
	871	351	29	34	6	3
	872	3	29	31	4	1
	873	17	29	32	1	1
	874	315	29	30	6	1
	875	179	29	34	3	1
	876	397	29	31	4	2
	877	277	29	30	6	2
	878	359	29	32	5	2
	879	303	29	33	1	3
	880	172	29	31	1	2
	881	221	29	32	5	1
	882	198	29	32	5	2
	883	43	30	34	4	1
	884	186	30	34	5	2
	885	110	30	31	6	3
	886	262	30	35	6	2
	887	62	30	33	5	1
	888	172	30	35	6	1
	889	29	30	31	1	3
	890	65	30	32	2	1
	891	179	30	32	3	1
	892	350	30	32	2	2
	893	318	30	32	6	2
	894	246	30	31	4	1
	895	159	30	35	6	3
	896	277	30	31	4	2
	897	395	30	31	1	3
	898	38	30	34	1	1
	899	187	30	31	2	2
	900	163	30	34	5	2
	901	279	30	31	2	2
	902	343	30	31	2	1
	903	132	30	35	3	1
	904	148	30	34	6	2
	905	133	30	35	1	1
	906	13	30	32	2	1
	907	263	30	32	5	2
	908	312	30	33	2	2
	909	222	30	32	4	1
	910	287	30	32	6	3
	911	172	31	36	2	1
	912	254	31	36	3	1
	913	2	31	34	5	1
	914	72	31	35	4	2
	915	392	31	34	1	1
	916	113	31	33	2	2
	917	336	31	33	2	3
	918	124	31	32	4	2
	919	289	31	33	4	3
	920	242	31	32	5	1
	921	46	31	36	4	2
	922	393	31	32	5	1
	923	379	31	33	4	2
	924	266	31	33	6	1
	925	277	31	35	2	1
	926	295	31	34	3	1
	927	104	31	35	6	3
	928	374	31	36	3	2
	929	35	31	33	4	3
	930	253	31	36	2	2
	931	335	31	36	4	2
	932	387	31	35	1	1
	933	182	31	32	4	2
	934	112	31	36	1	2
	935	237	31	32	3	2
	936	91	31	35	6	1
	937	106	31	33	4	1
	938	195	31	32	3	1
	939	103	31	35	5	1
	940	316	31	36	3	2
	941	353	31	32	6	3
	942	189	31	35	5	2
	943	283	31	36	5	1
	944	255	32	36	1	1
	945	96	32	37	2	1
	946	376	32	35	1	3
	947	369	32	36	4	2
	948	87	32	33	3	2
	949	235	32	34	4	3
	950	39	32	37	2	1
	951	172	32	35	2	2
	952	70	32	34	6	2
	953	354	32	35	2	1
	954	109	32	35	5	2
	955	42	32	35	1	2
	956	53	32	36	4	2
	957	163	32	35	3	2
	958	291	32	33	2	3
	959	159	32	34	3	2
	960	383	32	34	3	1
	961	162	32	37	5	2
	962	268	33	35	6	2
	963	278	33	38	3	2
	964	105	33	35	3	1
	965	185	33	35	4	1
	966	104	33	38	4	1
	967	146	33	37	4	2
	968	92	33	36	1	1
	969	188	33	38	1	3
	970	133	33	35	2	3
	971	239	33	35	2	2
	972	184	33	36	6	1
	973	151	33	37	1	1
	974	366	33	35	3	2
	975	183	33	38	2	1
	976	263	33	34	2	3
	977	372	33	37	6	1
	978	267	33	38	5	1
	979	174	33	34	5	2
	980	130	33	37	5	1
	981	24	33	34	3	1
	982	350	33	37	2	1
	983	51	33	37	3	1
	984	370	33	35	1	1
	985	375	33	34	4	2
	986	384	33	34	4	2
	987	257	33	37	3	2
	988	154	33	38	5	2
	989	274	33	35	5	2
	990	201	33	36	1	2
	991	204	33	36	6	1
	992	61	33	34	3	2
	993	92	33	36	4	1
	994	135	33	35	5	2
	995	167	33	34	1	1
	996	131	34	38	4	3
	997	226	34	38	3	1
	998	228	34	39	6	3
	999	249	34	35	6	2
	1000	201	34	37	2	3
	1001	396	34	35	4	3
	1002	33	34	37	1	1
	1003	146	34	36	1	2
	1004	366	34	35	1	1
	1005	240	34	36	6	1
	1006	193	34	35	1	3
	1007	117	34	36	5	2
	1008	319	34	37	4	2
	1009	178	34	37	2	1
	1010	66	34	38	3	1
	1011	55	34	38	4	3
	1012	362	34	37	6	3
	1013	376	34	37	1	1
	1014	358	34	39	1	2
	1015	51	34	38	4	3
	1016	121	34	37	2	2
	1017	39	34	37	6	3
	1018	64	34	38	3	1
	1019	251	34	38	5	1
	1020	179	34	35	4	3
	1021	232	34	35	2	2
	1022	165	34	37	1	1
	1023	30	34	35	2	3
	1024	253	34	35	1	3
	1025	327	34	39	1	3
	1026	277	34	39	4	2
	1027	100	34	36	3	2
	1028	311	34	36	4	2
	1029	58	34	39	2	2
	1030	176	35	40	5	2
	1031	164	35	39	3	2
	1032	261	35	38	6	3
	1033	326	35	37	5	2
	1034	328	35	39	4	1
	1035	87	35	37	2	1
	1036	68	35	37	2	1
	1037	19	35	39	4	1
	1038	149	35	39	5	1
	1039	159	35	36	2	3
	1040	339	35	38	6	1
	1041	361	35	38	6	3
	1042	74	35	38	4	3
	1043	100	35	38	6	1
	1044	371	35	40	1	1
	1045	221	35	39	5	1
	1046	201	35	39	4	1
	1047	351	35	37	5	2
	1048	240	35	40	4	2
	1049	106	35	36	3	1
	1050	87	35	40	3	1
	1051	82	35	39	3	2
	1052	237	35	39	1	3
	1053	215	35	37	3	2
	1054	187	35	38	3	2
	1055	379	35	37	4	1
	1056	130	35	40	5	1
	1057	363	35	37	3	1
	1058	88	35	37	3	1
	1059	307	35	37	6	1
	1060	373	35	38	1	3
	1061	263	35	36	3	2
	1062	178	35	38	2	3
	1063	349	35	36	1	1
	1064	96	35	38	6	3
	1065	167	35	38	5	2
	1066	31	35	38	1	1
	1067	277	35	38	4	1
	1068	43	35	36	4	3
	1069	310	35	37	3	2
	1070	234	35	40	3	2
	1071	115	35	40	6	2
	1072	48	35	39	4	1
	1073	59	35	36	2	3
	1074	144	35	40	5	1
	1075	365	36	40	1	2
	1076	105	36	38	6	2
	1077	6	36	41	1	1
	1078	46	36	38	3	2
	1079	230	36	38	1	3
	1080	376	36	37	6	2
	1081	255	36	39	3	2
	1082	261	36	38	4	2
	1083	27	36	37	4	3
	1084	254	36	38	4	1
	1085	10	36	37	4	2
	1086	123	36	39	6	1
	1087	45	36	40	4	3
	1088	300	36	41	5	2
	1089	177	36	39	3	2
	1090	361	36	38	6	2
	1091	222	36	39	2	1
	1092	373	36	37	1	3
	1093	198	36	40	1	2
	1094	367	36	39	6	2
	1095	300	36	39	1	3
	1096	59	36	37	3	2
	1097	254	36	41	2	3
	1098	98	36	38	1	1
	1099	178	36	40	5	1
	1100	20	36	39	3	2
	1101	221	36	37	2	2
	1102	358	36	38	2	1
	1103	181	36	39	3	2
	1104	283	36	39	3	2
	1105	365	36	38	3	1
	1106	29	36	39	6	2
	1107	281	36	41	5	2
	1108	169	37	39	2	3
	1109	352	37	39	4	1
	1110	48	37	42	6	2
	1111	28	37	40	6	2
	1112	263	37	38	2	3
	1113	227	37	38	1	1
	1114	9	37	41	3	2
	1115	302	37	41	5	2
	1116	219	37	41	5	1
	1117	392	37	41	4	1
	1118	11	37	41	3	2
	1119	51	37	41	2	2
	1120	84	37	40	5	1
	1121	141	37	38	4	2
	1122	168	37	38	6	2
	1123	118	37	41	6	2
	1124	396	37	42	5	1
	1125	392	37	41	5	1
	1126	67	37	42	5	2
	1127	213	37	39	4	2
	1128	366	37	42	2	2
	1129	113	37	39	6	3
	1130	202	37	39	5	1
	1131	215	37	38	6	3
	1132	335	37	38	5	1
	1133	282	37	42	3	1
	1134	8	37	39	5	1
	1135	112	37	41	3	1
	1136	210	37	41	4	2
	1137	357	37	40	1	3
	1138	396	37	40	6	1
	1139	104	37	39	3	2
	1140	175	38	41	2	2
	1141	316	38	39	2	3
	1142	42	38	40	5	2
	1143	353	38	42	6	3
	1144	169	38	43	1	3
	1145	30	38	39	4	2
	1146	394	38	41	3	2
	1147	48	38	42	2	3
	1148	222	38	41	4	2
	1149	119	38	40	5	2
	1150	168	38	43	2	3
	1151	119	38	43	1	2
	1152	280	38	41	3	1
	1153	289	38	40	3	2
	1154	19	38	43	6	1
	1155	59	38	43	2	3
	1156	114	38	42	4	3
	1157	341	38	42	1	1
	1158	269	38	43	3	1
	1159	159	38	42	5	2
	1160	269	38	41	6	3
	1161	328	39	42	5	2
	1162	62	39	43	5	1
	1163	233	39	41	4	1
	1164	30	39	40	1	2
	1165	132	39	44	4	3
	1166	397	39	42	2	1
	1167	263	39	42	1	2
	1168	164	39	44	5	1
	1169	60	39	40	4	2
	1170	183	39	43	4	3
	1171	179	39	41	3	1
	1172	57	39	42	5	2
	1173	49	39	44	4	2
	1174	175	39	43	2	3
	1175	51	39	44	4	1
	1176	393	39	43	1	1
	1177	114	39	41	2	1
	1178	199	39	41	2	2
	1179	227	39	43	2	2
	1180	208	39	41	4	3
	1181	399	39	42	2	1
	1182	200	39	42	3	1
	1183	39	39	41	1	1
	1184	52	39	40	3	2
	1185	306	39	43	6	1
	1186	179	39	44	5	1
	1187	46	39	44	6	3
	1188	232	39	40	2	3
	1189	78	39	43	1	1
	1190	225	39	41	6	2
	1191	211	39	43	5	1
	1192	41	39	41	3	2
	1193	293	39	40	1	3
	1194	160	39	40	3	2
	1195	119	39	43	6	3
	1196	305	39	42	5	1
	1197	358	39	44	1	3
	1198	36	39	44	1	3
	1199	383	39	44	2	2
	1200	26	39	43	2	1

TECHNICIANS = 1300
1	49	750	8	0	0	1	0	0	0	
2	402	670	5	0	1	0	0	0	1	
3	235	425	5	0	0	0	0	1	0	
4	215	865	9	1	0	0	1	0	0	
5	1	450	7	0	0	1	0	0	0	
6	1	280	5	1	0	0	0	0	0	
7	249	940	9	1	1	0	0	1	0	
8	196	980	6	0	1	0	0	0	1	
9	301	965	5	0	0	0	0	0	1	
10	403	265	8	1	1	0	0	0	0	
11	333	730	5	1	0	0	0	1	0	
12	404	565	7	0	1	0	1	0	0	
13	236	870	5	1	1	0	0	0	0	
14	341	660	10	0	1	0	0	1	0	
15	379	690	5	1	1	0	0	0	0	
16	1	235	10	1	1	1	0	0	0	
17	1	695	7	0	1	0	1	0	0	
18	366	155	8	1	0	0	0	0	1	
19	7	845	6	1	0	1	0	0	0	
20	405	425	10	0	0	1	1	1	0	
21	160	670	7	0	1	0	0	1	1	
22	51	400	9	0	1	0	1	0	1	
23	396	150	8	0	1	0	0	1	0	
24	200	345	6	1	0	1	0	1	0	
25	183	170	7	1	0	0	0	0	1	
26	1	590	5	1	1	0	0	0	0	
27	40	775	10	1	0	1	0	1	0	
28	1	530	7	1	1	0	1	0	0	
29	1	600	10	0	1	1	0	1	0	
30	406	215	10	0	1	0	1	0	0	
31	133	470	10	0	0	1	1	1	0	
32	1	245	7	1	0	0	0	1	1	
33	407	150	8	0	0	1	0	0	1	
34	62	395	6	1	0	0	0	0	0	
35	266	110	8	0	0	0	1	0	0	
36	22	860	8	0	0	0	1	0	0	
37	67	720	10	0	0	1	0	1	0	
38	312	955	5	1	1	0	1	0	0	
39	73	740	9	0	0	1	1	1	0	
40	1	320	6	1	0	0	0	0	0	
41	1	295	8	1	0	0	1	0	1	
42	29	515	6	0	0	1	0	1	0	
43	289	830	6	0	0	0	0	1	0	
44	408	580	10	1	0	0	0	0	0	
45	59	320	7	0	0	0	0	0	1	
46	1	135	10	1	1	0	0	1	0	
47	409	955	8	0	1	1	1	0	0	
48	410	330	9	1	1	0	1	0	0	
49	411	295	6	0	0	0	1	0	1	
50	412	465	10	0	1	0	0	0	1	
51	133	740	5	0	1	0	0	0	0	
52	413	200	7	0	1	0	0	0	0	
53	84	525	7	1	0	0	1	1	0	
54	378	940	5	1	0	0	0	0	1	
55	199	145	9	0	0	0	0	0	1	
56	195	620	6	1	0	0	0	1	0	
57	39	270	5	1	0	0	0	0	0	
58	40	300	9	1	0	1	0	0	1	
59	143	800	10	0	0	1	0	0	1	
60	128	750	8	0	1	0	1	0	0	
61	159	115	5	1	0	0	0	1	0	
62	1	225	10	0	1	0	0	1	0	
63	339	855	10	0	0	1	0	1	0	
64	199	505	9	0	0	0	0	1	1	
65	187	825	5	0	0	0	1	0	0	
66	161	370	9	0	0	0	0	1	0	
67	226	155	5	1	0	0	1	0	0	
68	414	560	7	0	1	0	0	1	0	
69	79	450	5	0	0	1	0	0	0	
70	376	950	9	0	1	0	0	1	0	
71	282	940	8	1	0	0	0	1	0	
72	261	540	9	0	0	0	0	0	1	
73	147	270	9	0	0	0	0	0	1	
74	1	140	7	0	0	0	1	0	1	
75	269	120	8	1	0	0	0	1	1	
76	364	620	8	0	0	0	0	1	0	
77	1	265	6	0	1	0	0	0	1	
78	178	385	6	0	1	0	0	0	1	
79	157	755	8	0	1	0	1	0	1	
80	1	995	6	0	1	0	0	1	0	
81	1	555	9	0	0	0	0	1	1	
82	374	360	9	1	1	1	0	0	0	
83	370	715	6	1	0	0	0	0	0	
84	306	495	9	1	1	0	0	1	0	
85	73	655	8	0	1	0	1	0	0	
86	1	365	8	1	0	0	1	0	0	
87	415	785	9	0	1	0	0	0	0	
88	416	480	6	1	0	0	0	0	0	
89	1	230	8	0	0	0	0	0	1	
90	197	160	9	0	0	1	0	0	0	
91	175	365	6	0	0	0	0	0	1	
92	83	655	8	1	0	1	0	0	0	
93	151	365	7	1	0	1	0	1	0	
94	206	430	8	0	0	0	0	1	0	
95	184	565	10	0	1	1	1	0	0	
96	417	130	10	1	0	0	0	0	1	
97	377	110	9	0	0	0	0	0	1	
98	331	410	9	0	0	0	1	0	1	
99	1	945	10	0	0	0	0	1	0	
100	418	490	10	1	0	0	1	0	1	
101	378	940	5	1	0	0	0	0	1	
102	62	395	6	1	0	0	0	0	0	
103	196	980	6	0	1	0	0	0	1	
104	128	750	8	0	1	0	1	0	0	
105	405	425	10	0	0	1	1	1	0	
106	22	860	8	0	0	0	1	0	0	
107	133	470	10	0	0	1	1	1	0	
108	405	425	10	0	0	1	1	1	0	
109	133	470	10	0	0	1	1	1	0	
110	404	565	7	0	1	0	1	0	0	
111	412	465	10	0	1	0	0	0	1	
112	1	230	8	0	0	0	0	0	1	
113	412	465	10	0	1	0	0	0	1	
114	133	470	10	0	0	1	1	1	0	
115	143	800	10	0	0	1	0	0	1	
116	410	330	9	1	1	0	1	0	0	
117	379	690	5	1	1	0	0	0	0	
118	405	425	10	0	0	1	1	1	0	
119	412	465	10	0	1	0	0	0	1	
120	133	470	10	0	0	1	1	1	0	
121	133	470	10	0	0	1	1	1	0	
122	1	295	8	1	0	0	1	0	1	
123	22	860	8	0	0	0	1	0	0	
124	128	750	8	0	1	0	1	0	0	
125	133	470	10	0	0	1	1	1	0	
126	378	940	5	1	0	0	0	0	1	
127	376	950	9	0	1	0	0	1	0	
128	133	470	10	0	0	1	1	1	0	
129	7	845	6	1	0	1	0	0	0	
130	376	950	9	0	1	0	0	1	0	
131	7	845	6	1	0	1	0	0	0	
132	133	470	10	0	0	1	1	1	0	
133	236	870	5	1	1	0	0	0	0	
134	374	360	9	1	1	1	0	0	0	
135	378	940	5	1	0	0	0	0	1	
136	157	755	8	0	1	0	1	0	1	
137	143	800	10	0	0	1	0	0	1	
138	133	470	10	0	0	1	1	1	0	
139	62	395	6	1	0	0	0	0	0	
140	301	965	5	0	0	0	0	0	1	
141	404	565	7	0	1	0	1	0	0	
142	7	845	6	1	0	1	0	0	0	
143	301	965	5	0	0	0	0	0	1	
144	405	425	10	0	0	1	1	1	0	
145	133	470	10	0	0	1	1	1	0	
146	402	670	5	0	1	0	0	0	1	
147	1	135	10	1	1	0	0	1	0	
148	412	465	10	0	1	0	0	0	1	
149	143	800	10	0	0	1	0	0	1	
150	7	845	6	1	0	1	0	0	0	
151	301	965	5	0	0	0	0	0	1	
152	405	425	10	0	0	1	1	1	0	
153	22	860	8	0	0	0	1	0	0	
154	40	300	9	1	0	1	0	0	1	
155	306	495	9	1	1	0	0	1	0	
156	143	800	10	0	0	1	0	0	1	
157	405	425	10	0	0	1	1	1	0	
158	157	755	8	0	1	0	1	0	1	
159	133	470	10	0	0	1	1	1	0	
160	306	495	9	1	1	0	0	1	0	
161	49	750	8	0	0	1	0	0	0	
162	409	955	8	0	1	1	1	0	0	
163	133	470	10	0	0	1	1	1	0	
164	133	470	10	0	0	1	1	1	0	
165	405	425	10	0	0	1	1	1	0	
166	84	525	7	1	0	0	1	1	0	
167	39	270	5	1	0	0	0	0	0	
168	7	845	6	1	0	1	0	0	0	
169	157	755	8	0	1	0	1	0	1	
170	195	620	6	1	0	0	0	1	0	
171	7	845	6	1	0	1	0	0	0	
172	143	800	10	0	0	1	0	0	1	
173	405	425	10	0	0	1	1	1	0	
174	128	750	8	0	1	0	1	0	0	
175	339	855	10	0	0	1	0	1	0	
176	133	470	10	0	0	1	1	1	0	
177	1	600	10	0	1	1	0	1	0	
178	376	950	9	0	1	0	0	1	0	
179	215	865	9	1	0	0	1	0	0	
180	133	470	10	0	0	1	1	1	0	
181	143	800	10	0	0	1	0	0	1	
182	1	600	10	0	1	1	0	1	0	
183	7	845	6	1	0	1	0	0	0	
184	128	750	8	0	1	0	1	0	0	
185	133	470	10	0	0	1	1	1	0	
186	282	940	8	1	0	0	0	1	0	
187	301	965	5	0	0	0	0	0	1	
188	1	280	5	1	0	0	0	0	0	
189	133	470	10	0	0	1	1	1	0	
190	7	845	6	1	0	1	0	0	0	
191	133	470	10	0	0	1	1	1	0	
192	84	525	7	1	0	0	1	1	0	
193	379	690	5	1	1	0	0	0	0	
194	370	715	6	1	0	0	0	0	0	
195	412	465	10	0	1	0	0	0	1	
196	133	470	10	0	0	1	1	1	0	
197	378	940	5	1	0	0	0	0	1	
198	378	940	5	1	0	0	0	0	1	
199	7	845	6	1	0	1	0	0	0	
200	215	865	9	1	0	0	1	0	0	
201	301	965	5	0	0	0	0	0	1	
202	339	855	10	0	0	1	0	1	0	
203	236	870	5	1	1	0	0	0	0	
204	402	670	5	0	1	0	0	0	1	
205	409	955	8	0	1	1	1	0	0	
206	378	940	5	1	0	0	0	0	1	
207	133	470	10	0	0	1	1	1	0	
208	405	425	10	0	0	1	1	1	0	
209	143	800	10	0	0	1	0	0	1	
210	418	490	10	1	0	0	1	0	1	
211	133	470	10	0	0	1	1	1	0	
212	183	170	7	1	0	0	0	0	1	
213	133	470	10	0	0	1	1	1	0	
214	133	470	10	0	0	1	1	1	0	
215	40	300	9	1	0	1	0	0	1	
216	405	425	10	0	0	1	1	1	0	
217	133	470	10	0	0	1	1	1	0	
218	379	690	5	1	1	0	0	0	0	
219	408	580	10	1	0	0	0	0	0	
220	249	940	9	1	1	0	0	1	0	
221	1	450	7	0	0	1	0	0	0	
222	379	690	5	1	1	0	0	0	0	
223	128	750	8	0	1	0	1	0	0	
224	415	785	9	0	1	0	0	0	0	
225	7	845	6	1	0	1	0	0	0	
226	376	950	9	0	1	0	0	1	0	
227	133	470	10	0	0	1	1	1	0	
228	379	690	5	1	1	0	0	0	0	
229	282	940	8	1	0	0	0	1	0	
230	7	845	6	1	0	1	0	0	0	
231	379	690	5	1	1	0	0	0	0	
232	128	750	8	0	1	0	1	0	0	
233	378	940	5	1	0	0	0	0	1	
234	84	525	7	1	0	0	1	1	0	
235	84	525	7	1	0	0	1	1	0	
236	73	740	9	0	0	1	1	1	0	
237	339	855	10	0	0	1	0	1	0	
238	405	425	10	0	0	1	1	1	0	
239	133	470	10	0	0	1	1	1	0	
240	378	940	5	1	0	0	0	0	1	
241	1	600	10	0	1	1	0	1	0	
242	73	740	9	0	0	1	1	1	0	
243	133	740	5	0	1	0	0	0	0	
244	143	800	10	0	0	1	0	0	1	
245	412	465	10	0	1	0	0	0	1	
246	409	955	8	0	1	1	1	0	0	
247	133	470	10	0	0	1	1	1	0	
248	133	470	10	0	0	1	1	1	0	
249	183	170	7	1	0	0	0	0	1	
250	411	295	6	0	0	0	1	0	1	
251	84	525	7	1	0	0	1	1	0	
252	282	940	8	1	0	0	0	1	0	
253	133	470	10	0	0	1	1	1	0	
254	143	800	10	0	0	1	0	0	1	
255	157	755	8	0	1	0	1	0	1	
256	7	845	6	1	0	1	0	0	0	
257	84	525	7	1	0	0	1	1	0	
258	7	845	6	1	0	1	0	0	0	
259	7	845	6	1	0	1	0	0	0	
260	1	600	10	0	1	1	0	1	0	
261	157	755	8	0	1	0	1	0	1	
262	402	670	5	0	1	0	0	0	1	
263	143	800	10	0	0	1	0	0	1	
264	7	845	6	1	0	1	0	0	0	
265	405	425	10	0	0	1	1	1	0	
266	1	600	10	0	1	1	0	1	0	
267	364	620	8	0	0	0	0	1	0	
268	183	170	7	1	0	0	0	0	1	
269	128	750	8	0	1	0	1	0	0	
270	157	755	8	0	1	0	1	0	1	
271	376	950	9	0	1	0	0	1	0	
272	7	845	6	1	0	1	0	0	0	
273	40	300	9	1	0	1	0	0	1	
274	133	470	10	0	0	1	1	1	0	
275	376	950	9	0	1	0	0	1	0	
276	376	950	9	0	1	0	0	1	0	
277	1	295	8	1	0	0	1	0	1	
278	29	515	6	0	0	1	0	1	0	
279	157	755	8	0	1	0	1	0	1	
280	412	465	10	0	1	0	0	0	1	
281	1	265	6	0	1	0	0	0	1	
282	378	940	5	1	0	0	0	0	1	
283	376	950	9	0	1	0	0	1	0	
284	84	525	7	1	0	0	1	1	0	
285	133	470	10	0	0	1	1	1	0	
286	341	660	10	0	1	0	0	1	0	
287	133	470	10	0	0	1	1	1	0	
288	378	940	5	1	0	0	0	0	1	
289	199	145	9	0	0	0	0	0	1	
290	404	565	7	0	1	0	1	0	0	
291	7	845	6	1	0	1	0	0	0	
292	379	690	5	1	1	0	0	0	0	
293	402	670	5	0	1	0	0	0	1	
294	160	670	7	0	1	0	0	1	1	
295	84	525	7	1	0	0	1	1	0	
296	410	330	9	1	1	0	1	0	0	
297	133	470	10	0	0	1	1	1	0	
298	160	670	7	0	1	0	0	1	1	
299	196	980	6	0	1	0	0	0	1	
300	84	525	7	1	0	0	1	1	0	
301	301	965	5	0	0	0	0	0	1	
302	1	695	7	0	1	0	1	0	0	
303	7	845	6	1	0	1	0	0	0	
304	157	755	8	0	1	0	1	0	1	
305	128	750	8	0	1	0	1	0	0	
306	404	565	7	0	1	0	1	0	0	
307	7	845	6	1	0	1	0	0	0	
308	84	525	7	1	0	0	1	1	0	
309	133	470	10	0	0	1	1	1	0	
310	215	865	9	1	0	0	1	0	0	
311	1	600	10	0	1	1	0	1	0	
312	379	690	5	1	1	0	0	0	0	
313	157	755	8	0	1	0	1	0	1	
314	40	300	9	1	0	1	0	0	1	
315	269	120	8	1	0	0	0	1	1	
316	378	940	5	1	0	0	0	0	1	
317	215	865	9	1	0	0	1	0	0	
318	187	825	5	0	0	0	1	0	0	
319	312	955	5	1	1	0	1	0	0	
320	133	470	10	0	0	1	1	1	0	
321	133	470	10	0	0	1	1	1	0	
322	376	950	9	0	1	0	0	1	0	
323	1	600	10	0	1	1	0	1	0	
324	416	480	6	1	0	0	0	0	0	
325	7	845	6	1	0	1	0	0	0	
326	412	465	10	0	1	0	0	0	1	
327	7	845	6	1	0	1	0	0	0	
328	161	370	9	0	0	0	0	1	0	
329	331	410	9	0	0	0	1	0	1	
330	133	470	10	0	0	1	1	1	0	
331	143	800	10	0	0	1	0	0	1	
332	143	800	10	0	0	1	0	0	1	
333	378	940	5	1	0	0	0	0	1	
334	333	730	5	1	0	0	0	1	0	
335	133	470	10	0	0	1	1	1	0	
336	133	470	10	0	0	1	1	1	0	
337	133	470	10	0	0	1	1	1	0	
338	143	800	10	0	0	1	0	0	1	
339	143	800	10	0	0	1	0	0	1	
340	7	845	6	1	0	1	0	0	0	
341	7	845	6	1	0	1	0	0	0	
342	84	525	7	1	0	0	1	1	0	
343	133	470	10	0	0	1	1	1	0	
344	143	800	10	0	0	1	0	0	1	
345	133	470	10	0	0	1	1	1	0	
346	215	865	9	1	0	0	1	0	0	
347	160	670	7	0	1	0	0	1	1	
348	379	690	5	1	1	0	0	0	0	
349	128	750	8	0	1	0	1	0	0	
350	378	940	5	1	0	0	0	0	1	
351	160	670	7	0	1	0	0	1	1	
352	379	690	5	1	1	0	0	0	0	
353	339	855	10	0	0	1	0	1	0	
354	1	995	6	0	1	0	0	1	0	
355	84	525	7	1	0	0	1	1	0	
356	405	425	10	0	0	1	1	1	0	
357	51	400	9	0	1	0	1	0	1	
358	1	235	10	1	1	1	0	0	0	
359	378	940	5	1	0	0	0	0	1	
360	215	865	9	1	0	0	1	0	0	
361	195	620	6	1	0	0	0	1	0	
362	7	845	6	1	0	1	0	0	0	
363	378	940	5	1	0	0	0	0	1	
364	183	170	7	1	0	0	0	0	1	
365	402	670	5	0	1	0	0	0	1	
366	1	235	10	1	1	1	0	0	0	
367	184	565	10	0	1	1	1	0	0	
368	7	845	6	1	0	1	0	0	0	
369	402	670	5	0	1	0	0	0	1	
370	7	845	6	1	0	1	0	0	0	
371	84	525	7	1	0	0	1	1	0	
372	236	870	5	1	1	0	0	0	0	
373	143	800	10	0	0	1	0	0	1	
374	378	940	5	1	0	0	0	0	1	
375	405	425	10	0	0	1	1	1	0	
376	379	690	5	1	1	0	0	0	0	
377	1	995	6	0	1	0	0	1	0	
378	187	825	5	0	0	0	1	0	0	
379	409	955	8	0	1	1	1	0	0	
380	160	670	7	0	1	0	0	1	1	
381	339	855	10	0	0	1	0	1	0	
382	306	495	9	1	1	0	0	1	0	
383	133	470	10	0	0	1	1	1	0	
384	157	755	8	0	1	0	1	0	1	
385	133	740	5	0	1	0	0	0	0	
386	341	660	10	0	1	0	0	1	0	
387	378	940	5	1	0	0	0	0	1	
388	7	845	6	1	0	1	0	0	0	
389	1	135	10	1	1	0	0	1	0	
390	187	825	5	0	0	0	1	0	0	
391	133	470	10	0	0	1	1	1	0	
392	301	965	5	0	0	0	0	0	1	
393	133	740	5	0	1	0	0	0	0	
394	378	940	5	1	0	0	0	0	1	
395	143	800	10	0	0	1	0	0	1	
396	143	800	10	0	0	1	0	0	1	
397	143	800	10	0	0	1	0	0	1	
398	29	515	6	0	0	1	0	1	0	
399	405	425	10	0	0	1	1	1	0	
400	160	670	7	0	1	0	0	1	1	
401	405	425	10	0	0	1	1	1	0	
402	402	670	5	0	1	0	0	0	1	
403	160	670	7	0	1	0	0	1	1	
404	409	955	8	0	1	1	1	0	0	
405	160	670	7	0	1	0	0	1	1	
406	143	800	10	0	0	1	0	0	1	
407	249	940	9	1	1	0	0	1	0	
408	157	755	8	0	1	0	1	0	1	
409	67	720	10	0	0	1	0	1	0	
410	196	980	6	0	1	0	0	0	1	
411	1	600	10	0	1	1	0	1	0	
412	1	995	6	0	1	0	0	1	0	
413	282	940	8	1	0	0	0	1	0	
414	7	845	6	1	0	1	0	0	0	
415	133	470	10	0	0	1	1	1	0	
416	143	800	10	0	0	1	0	0	1	
417	160	670	7	0	1	0	0	1	1	
418	83	655	8	1	0	1	0	0	0	
419	84	525	7	1	0	0	1	1	0	
420	282	940	8	1	0	0	0	1	0	
421	133	470	10	0	0	1	1	1	0	
422	160	670	7	0	1	0	0	1	1	
423	160	670	7	0	1	0	0	1	1	
424	1	995	6	0	1	0	0	1	0	
425	402	670	5	0	1	0	0	0	1	
426	143	800	10	0	0	1	0	0	1	
427	133	470	10	0	0	1	1	1	0	
428	249	940	9	1	1	0	0	1	0	
429	133	470	10	0	0	1	1	1	0	
430	133	470	10	0	0	1	1	1	0	
431	133	470	10	0	0	1	1	1	0	
432	160	670	7	0	1	0	0	1	1	
433	402	670	5	0	1	0	0	0	1	
434	133	470	10	0	0	1	1	1	0	
435	128	750	8	0	1	0	1	0	0	
436	143	800	10	0	0	1	0	0	1	
437	289	830	6	0	0	0	0	1	0	
438	378	940	5	1	0	0	0	0	1	
439	184	565	10	0	1	1	1	0	0	
440	133	470	10	0	0	1	1	1	0	
441	196	980	6	0	1	0	0	0	1	
442	157	755	8	0	1	0	1	0	1	
443	215	865	9	1	0	0	1	0	0	
444	215	865	9	1	0	0	1	0	0	
445	7	845	6	1	0	1	0	0	0	
446	7	845	6	1	0	1	0	0	0	
447	83	655	8	1	0	1	0	0	0	
448	160	670	7	0	1	0	0	1	1	
449	133	470	10	0	0	1	1	1	0	
450	83	655	8	1	0	1	0	0	0	
451	133	470	10	0	0	1	1	1	0	
452	306	495	9	1	1	0	0	1	0	
453	379	690	5	1	1	0	0	0	0	
454	133	740	5	0	1	0	0	0	0	
455	378	940	5	1	0	0	0	0	1	
456	7	845	6	1	0	1	0	0	0	
457	157	755	8	0	1	0	1	0	1	
458	378	940	5	1	0	0	0	0	1	
459	84	525	7	1	0	0	1	1	0	
460	409	955	8	0	1	1	1	0	0	
461	160	670	7	0	1	0	0	1	1	
462	84	525	7	1	0	0	1	1	0	
463	412	465	10	0	1	0	0	0	1	
464	160	670	7	0	1	0	0	1	1	
465	215	865	9	1	0	0	1	0	0	
466	7	845	6	1	0	1	0	0	0	
467	1	590	5	1	1	0	0	0	0	
468	405	425	10	0	0	1	1	1	0	
469	409	955	8	0	1	1	1	0	0	
470	7	845	6	1	0	1	0	0	0	
471	133	470	10	0	0	1	1	1	0	
472	84	525	7	1	0	0	1	1	0	
473	1	600	10	0	1	1	0	1	0	
474	51	400	9	0	1	0	1	0	1	
475	416	480	6	1	0	0	0	0	0	
476	133	470	10	0	0	1	1	1	0	
477	215	865	9	1	0	0	1	0	0	
478	133	470	10	0	0	1	1	1	0	
479	215	865	9	1	0	0	1	0	0	
480	282	940	8	1	0	0	0	1	0	
481	236	870	5	1	1	0	0	0	0	
482	249	940	9	1	1	0	0	1	0	
483	143	800	10	0	0	1	0	0	1	
484	378	940	5	1	0	0	0	0	1	
485	409	955	8	0	1	1	1	0	0	
486	133	470	10	0	0	1	1	1	0	
487	289	830	6	0	0	0	0	1	0	
488	312	955	5	1	1	0	1	0	0	
489	409	955	8	0	1	1	1	0	0	
490	133	470	10	0	0	1	1	1	0	
491	378	940	5	1	0	0	0	0	1	
492	215	865	9	1	0	0	1	0	0	
493	339	855	10	0	0	1	0	1	0	
494	160	670	7	0	1	0	0	1	1	
495	143	800	10	0	0	1	0	0	1	
496	215	865	9	1	0	0	1	0	0	
497	378	940	5	1	0	0	0	0	1	
498	215	865	9	1	0	0	1	0	0	
499	133	470	10	0	0	1	1	1	0	
500	1	600	10	0	1	1	0	1	0	
501	409	955	8	0	1	1	1	0	0	
502	409	955	8	0	1	1	1	0	0	
503	412	465	10	0	1	0	0	0	1	
504	84	525	7	1	0	0	1	1	0	
505	306	495	9	1	1	0	0	1	0	
506	143	800	10	0	0	1	0	0	1	
507	7	845	6	1	0	1	0	0	0	
508	133	470	10	0	0	1	1	1	0	
509	301	965	5	0	0	0	0	0	1	
510	1	600	10	0	1	1	0	1	0	
511	160	670	7	0	1	0	0	1	1	
512	128	750	8	0	1	0	1	0	0	
513	249	940	9	1	1	0	0	1	0	
514	1	590	5	1	1	0	0	0	0	
515	160	670	7	0	1	0	0	1	1	
516	249	940	9	1	1	0	0	1	0	
517	339	855	10	0	0	1	0	1	0	
518	409	955	8	0	1	1	1	0	0	
519	133	740	5	0	1	0	0	0	0	
520	249	940	9	1	1	0	0	1	0	
521	1	995	6	0	1	0	0	1	0	
522	40	300	9	1	0	1	0	0	1	
523	1	295	8	1	0	0	1	0	1	
524	143	800	10	0	0	1	0	0	1	
525	160	670	7	0	1	0	0	1	1	
526	143	800	10	0	0	1	0	0	1	
527	378	940	5	1	0	0	0	0	1	
528	379	690	5	1	1	0	0	0	0	
529	405	425	10	0	0	1	1	1	0	
530	1	600	10	0	1	1	0	1	0	
531	143	800	10	0	0	1	0	0	1	
532	312	955	5	1	1	0	1	0	0	
533	84	525	7	1	0	0	1	1	0	
534	133	470	10	0	0	1	1	1	0	
535	7	845	6	1	0	1	0	0	0	
536	133	470	10	0	0	1	1	1	0	
537	84	525	7	1	0	0	1	1	0	
538	215	865	9	1	0	0	1	0	0	
539	128	750	8	0	1	0	1	0	0	
540	7	845	6	1	0	1	0	0	0	
541	412	465	10	0	1	0	0	0	1	
542	405	425	10	0	0	1	1	1	0	
543	249	940	9	1	1	0	0	1	0	
544	133	470	10	0	0	1	1	1	0	
545	7	845	6	1	0	1	0	0	0	
546	133	470	10	0	0	1	1	1	0	
547	40	300	9	1	0	1	0	0	1	
548	7	845	6	1	0	1	0	0	0	
549	133	470	10	0	0	1	1	1	0	
550	133	470	10	0	0	1	1	1	0	
551	84	525	7	1	0	0	1	1	0	
552	84	525	7	1	0	0	1	1	0	
553	160	670	7	0	1	0	0	1	1	
554	73	655	8	0	1	0	1	0	0	
555	157	755	8	0	1	0	1	0	1	
556	282	940	8	1	0	0	0	1	0	
557	405	425	10	0	0	1	1	1	0	
558	1	600	10	0	1	1	0	1	0	
559	133	470	10	0	0	1	1	1	0	
560	133	470	10	0	0	1	1	1	0	
561	378	940	5	1	0	0	0	0	1	
562	378	940	5	1	0	0	0	0	1	
563	379	690	5	1	1	0	0	0	0	
564	312	955	5	1	1	0	1	0	0	
565	1	995	6	0	1	0	0	1	0	
566	160	670	7	0	1	0	0	1	1	
567	378	940	5	1	0	0	0	0	1	
568	7	845	6	1	0	1	0	0	0	
569	416	480	6	1	0	0	0	0	0	
570	1	600	10	0	1	1	0	1	0	
571	339	855	10	0	0	1	0	1	0	
572	157	755	8	0	1	0	1	0	1	
573	409	955	8	0	1	1	1	0	0	
574	160	670	7	0	1	0	0	1	1	
575	84	525	7	1	0	0	1	1	0	
576	378	940	5	1	0	0	0	0	1	
577	7	845	6	1	0	1	0	0	0	
578	143	800	10	0	0	1	0	0	1	
579	408	580	10	1	0	0	0	0	0	
580	378	940	5	1	0	0	0	0	1	
581	84	525	7	1	0	0	1	1	0	
582	133	470	10	0	0	1	1	1	0	
583	84	525	7	1	0	0	1	1	0	
584	143	800	10	0	0	1	0	0	1	
585	339	855	10	0	0	1	0	1	0	
586	143	800	10	0	0	1	0	0	1	
587	133	470	10	0	0	1	1	1	0	
588	402	670	5	0	1	0	0	0	1	
589	133	470	10	0	0	1	1	1	0	
590	378	940	5	1	0	0	0	0	1	
591	378	940	5	1	0	0	0	0	1	
592	133	470	10	0	0	1	1	1	0	
593	378	940	5	1	0	0	0	0	1	
594	128	750	8	0	1	0	1	0	0	
595	7	845	6	1	0	1	0	0	0	
596	215	865	9	1	0	0	1	0	0	
597	312	955	5	1	1	0	1	0	0	
598	196	980	6	0	1	0	0	0	1	
599	306	495	9	1	1	0	0	1	0	
600	157	755	8	0	1	0	1	0	1	
601	402	670	5	0	1	0	0	0	1	
602	282	940	8	1	0	0	0	1	0	
603	84	525	7	1	0	0	1	1	0	
604	1	600	10	0	1	1	0	1	0	
605	133	470	10	0	0	1	1	1	0	
606	215	865	9	1	0	0	1	0	0	
607	22	860	8	0	0	0	1	0	0	
608	236	870	5	1	1	0	0	0	0	
609	249	940	9	1	1	0	0	1	0	
610	133	470	10	0	0	1	1	1	0	
611	249	940	9	1	1	0	0	1	0	
612	378	940	5	1	0	0	0	0	1	
613	143	800	10	0	0	1	0	0	1	
614	143	800	10	0	0	1	0	0	1	
615	84	525	7	1	0	0	1	1	0	
616	378	940	5	1	0	0	0	0	1	
617	160	670	7	0	1	0	0	1	1	
618	84	525	7	1	0	0	1	1	0	
619	409	955	8	0	1	1	1	0	0	
620	160	670	7	0	1	0	0	1	1	
621	84	525	7	1	0	0	1	1	0	
622	405	425	10	0	0	1	1	1	0	
623	331	410	9	0	0	0	1	0	1	
624	306	495	9	1	1	0	0	1	0	
625	378	940	5	1	0	0	0	0	1	
626	133	470	10	0	0	1	1	1	0	
627	133	470	10	0	0	1	1	1	0	
628	133	470	10	0	0	1	1	1	0	
629	7	845	6	1	0	1	0	0	0	
630	143	800	10	0	0	1	0	0	1	
631	7	845	6	1	0	1	0	0	0	
632	160	670	7	0	1	0	0	1	1	
633	133	470	10	0	0	1	1	1	0	
634	409	955	8	0	1	1	1	0	0	
635	143	800	10	0	0	1	0	0	1	
636	312	955	5	1	1	0	1	0	0	
637	415	785	9	0	1	0	0	0	0	
638	301	965	5	0	0	0	0	0	1	
639	143	800	10	0	0	1	0	0	1	
640	157	755	8	0	1	0	1	0	1	
641	1	600	10	0	1	1	0	1	0	
642	301	965	5	0	0	0	0	0	1	
643	378	940	5	1	0	0	0	0	1	
644	378	940	5	1	0	0	0	0	1	
645	379	690	5	1	1	0	0	0	0	
646	405	425	10	0	0	1	1	1	0	
647	215	865	9	1	0	0	1	0	0	
648	29	515	6	0	0	1	0	1	0	
649	160	670	7	0	1	0	0	1	1	
650	128	750	8	0	1	0	1	0	0	
651	7	845	6	1	0	1	0	0	0	
652	143	800	10	0	0	1	0	0	1	
653	157	755	8	0	1	0	1	0	1	
654	143	800	10	0	0	1	0	0	1	
655	215	865	9	1	0	0	1	0	0	
656	414	560	7	0	1	0	0	1	0	
657	143	800	10	0	0	1	0	0	1	
658	160	670	7	0	1	0	0	1	1	
659	157	755	8	0	1	0	1	0	1	
660	379	690	5	1	1	0	0	0	0	
661	133	470	10	0	0	1	1	1	0	
662	143	800	10	0	0	1	0	0	1	
663	312	955	5	1	1	0	1	0	0	
664	133	470	10	0	0	1	1	1	0	
665	249	940	9	1	1	0	0	1	0	
666	157	755	8	0	1	0	1	0	1	
667	301	965	5	0	0	0	0	0	1	
668	128	750	8	0	1	0	1	0	0	
669	143	800	10	0	0	1	0	0	1	
670	143	800	10	0	0	1	0	0	1	
671	1	600	10	0	1	1	0	1	0	
672	160	670	7	0	1	0	0	1	1	
673	282	940	8	1	0	0	0	1	0	
674	133	470	10	0	0	1	1	1	0	
675	7	845	6	1	0	1	0	0	0	
676	378	940	5	1	0	0	0	0	1	
677	215	865	9	1	0	0	1	0	0	
678	410	330	9	1	1	0	1	0	0	
679	282	940	8	1	0	0	0	1	0	
680	143	800	10	0	0	1	0	0	1	
681	378	940	5	1	0	0	0	0	1	
682	378	940	5	1	0	0	0	0	1	
683	215	865	9	1	0	0	1	0	0	
684	7	845	6	1	0	1	0	0	0	
685	236	870	5	1	1	0	0	0	0	
686	378	940	5	1	0	0	0	0	1	
687	1	995	6	0	1	0	0	1	0	
688	196	980	6	0	1	0	0	0	1	
689	184	565	10	0	1	1	1	0	0	
690	84	525	7	1	0	0	1	1	0	
691	409	955	8	0	1	1	1	0	0	
692	249	940	9	1	1	0	0	1	0	
693	7	845	6	1	0	1	0	0	0	
694	183	170	7	1	0	0	0	0	1	
695	282	940	8	1	0	0	0	1	0	
696	160	670	7	0	1	0	0	1	1	
697	7	845	6	1	0	1	0	0	0	
698	160	670	7	0	1	0	0	1	1	
699	128	750	8	0	1	0	1	0	0	
700	379	690	5	1	1	0	0	0	0	
701	215	865	9	1	0	0	1	0	0	
702	133	470	10	0	0	1	1	1	0	
703	84	525	7	1	0	0	1	1	0	
704	187	825	5	0	0	0	1	0	0	
705	236	870	5	1	1	0	0	0	0	
706	379	690	5	1	1	0	0	0	0	
707	379	690	5	1	1	0	0	0	0	
708	143	800	10	0	0	1	0	0	1	
709	405	425	10	0	0	1	1	1	0	
710	289	830	6	0	0	0	0	1	0	
711	143	800	10	0	0	1	0	0	1	
712	409	955	8	0	1	1	1	0	0	
713	133	470	10	0	0	1	1	1	0	
714	133	470	10	0	0	1	1	1	0	
715	133	470	10	0	0	1	1	1	0	
716	215	865	9	1	0	0	1	0	0	
717	143	800	10	0	0	1	0	0	1	
718	7	845	6	1	0	1	0	0	0	
719	157	755	8	0	1	0	1	0	1	
720	405	425	10	0	0	1	1	1	0	
721	7	845	6	1	0	1	0	0	0	
722	133	470	10	0	0	1	1	1	0	
723	133	470	10	0	0	1	1	1	0	
724	378	940	5	1	0	0	0	0	1	
725	405	425	10	0	0	1	1	1	0	
726	157	755	8	0	1	0	1	0	1	
727	215	865	9	1	0	0	1	0	0	
728	1	995	6	0	1	0	0	1	0	
729	402	670	5	0	1	0	0	0	1	
730	301	965	5	0	0	0	0	0	1	
731	409	955	8	0	1	1	1	0	0	
732	379	690	5	1	1	0	0	0	0	
733	133	470	10	0	0	1	1	1	0	
734	339	855	10	0	0	1	0	1	0	
735	282	940	8	1	0	0	0	1	0	
736	1	995	6	0	1	0	0	1	0	
737	1	695	7	0	1	0	1	0	0	
738	160	670	7	0	1	0	0	1	1	
739	215	865	9	1	0	0	1	0	0	
740	160	670	7	0	1	0	0	1	1	
741	301	965	5	0	0	0	0	0	1	
742	40	300	9	1	0	1	0	0	1	
743	378	940	5	1	0	0	0	0	1	
744	405	425	10	0	0	1	1	1	0	
745	133	740	5	0	1	0	0	0	0	
746	133	470	10	0	0	1	1	1	0	
747	215	865	9	1	0	0	1	0	0	
748	289	830	6	0	0	0	0	1	0	
749	282	940	8	1	0	0	0	1	0	
750	341	660	10	0	1	0	0	1	0	
751	236	870	5	1	1	0	0	0	0	
752	133	470	10	0	0	1	1	1	0	
753	405	425	10	0	0	1	1	1	0	
754	157	755	8	0	1	0	1	0	1	
755	7	845	6	1	0	1	0	0	0	
756	249	940	9	1	1	0	0	1	0	
757	378	940	5	1	0	0	0	0	1	
758	84	525	7	1	0	0	1	1	0	
759	143	800	10	0	0	1	0	0	1	
760	378	940	5	1	0	0	0	0	1	
761	128	750	8	0	1	0	1	0	0	
762	409	955	8	0	1	1	1	0	0	
763	133	740	5	0	1	0	0	0	0	
764	378	940	5	1	0	0	0	0	1	
765	7	845	6	1	0	1	0	0	0	
766	402	670	5	0	1	0	0	0	1	
767	379	690	5	1	1	0	0	0	0	
768	215	865	9	1	0	0	1	0	0	
769	215	865	9	1	0	0	1	0	0	
770	282	940	8	1	0	0	0	1	0	
771	378	940	5	1	0	0	0	0	1	
772	236	870	5	1	1	0	0	0	0	
773	160	670	7	0	1	0	0	1	1	
774	249	940	9	1	1	0	0	1	0	
775	160	670	7	0	1	0	0	1	1	
776	133	470	10	0	0	1	1	1	0	
777	409	955	8	0	1	1	1	0	0	
778	414	560	7	0	1	0	0	1	0	
779	133	740	5	0	1	0	0	0	0	
780	7	845	6	1	0	1	0	0	0	
781	195	620	6	1	0	0	0	1	0	
782	143	800	10	0	0	1	0	0	1	
783	376	950	9	0	1	0	0	1	0	
784	1	600	10	0	1	1	0	1	0	
785	157	755	8	0	1	0	1	0	1	
786	249	940	9	1	1	0	0	1	0	
787	409	955	8	0	1	1	1	0	0	
788	1	600	10	0	1	1	0	1	0	
789	29	515	6	0	0	1	0	1	0	
790	143	800	10	0	0	1	0	0	1	
791	378	940	5	1	0	0	0	0	1	
792	376	950	9	0	1	0	0	1	0	
793	378	940	5	1	0	0	0	0	1	
794	143	800	10	0	0	1	0	0	1	
795	196	980	6	0	1	0	0	0	1	
796	412	465	10	0	1	0	0	0	1	
797	378	940	5	1	0	0	0	0	1	
798	378	940	5	1	0	0	0	0	1	
799	143	800	10	0	0	1	0	0	1	
800	143	800	10	0	0	1	0	0	1	
801	157	755	8	0	1	0	1	0	1	
802	7	845	6	1	0	1	0	0	0	
803	378	940	5	1	0	0	0	0	1	
804	133	470	10	0	0	1	1	1	0	
805	22	860	8	0	0	0	1	0	0	
806	215	865	9	1	0	0	1	0	0	
807	196	980	6	0	1	0	0	0	1	
808	1	135	10	1	1	0	0	1	0	
809	378	940	5	1	0	0	0	0	1	
810	312	955	5	1	1	0	1	0	0	
811	409	955	8	0	1	1	1	0	0	
812	157	755	8	0	1	0	1	0	1	
813	22	860	8	0	0	0	1	0	0	
814	379	690	5	1	1	0	0	0	0	
815	378	940	5	1	0	0	0	0	1	
816	1	600	10	0	1	1	0	1	0	
817	378	940	5	1	0	0	0	0	1	
818	128	750	8	0	1	0	1	0	0	
819	282	940	8	1	0	0	0	1	0	
820	133	470	10	0	0	1	1	1	0	
821	143	800	10	0	0	1	0	0	1	
822	7	845	6	1	0	1	0	0	0	
823	7	845	6	1	0	1	0	0	0	
824	215	865	9	1	0	0	1	0	0	
825	378	940	5	1	0	0	0	0	1	
826	289	830	6	0	0	0	0	1	0	
827	7	845	6	1	0	1	0	0	0	
828	312	955	5	1	1	0	1	0	0	
829	73	740	9	0	0	1	1	1	0	
830	196	980	6	0	1	0	0	0	1	
831	215	865	9	1	0	0	1	0	0	
832	301	965	5	0	0	0	0	0	1	
833	84	525	7	1	0	0	1	1	0	
834	84	525	7	1	0	0	1	1	0	
835	160	670	7	0	1	0	0	1	1	
836	143	800	10	0	0	1	0	0	1	
837	378	940	5	1	0	0	0	0	1	
838	128	750	8	0	1	0	1	0	0	
839	157	755	8	0	1	0	1	0	1	
840	67	720	10	0	0	1	0	1	0	
841	143	800	10	0	0	1	0	0	1	
842	84	525	7	1	0	0	1	1	0	
843	376	950	9	0	1	0	0	1	0	
844	7	845	6	1	0	1	0	0	0	
845	236	870	5	1	1	0	0	0	0	
846	339	855	10	0	0	1	0	1	0	
847	1	600	10	0	1	1	0	1	0	
848	133	470	10	0	0	1	1	1	0	
849	160	670	7	0	1	0	0	1	1	
850	378	940	5	1	0	0	0	0	1	
851	282	940	8	1	0	0	0	1	0	
852	402	670	5	0	1	0	0	0	1	
853	160	670	7	0	1	0	0	1	1	
854	133	470	10	0	0	1	1	1	0	
855	378	940	5	1	0	0	0	0	1	
856	133	470	10	0	0	1	1	1	0	
857	7	845	6	1	0	1	0	0	0	
858	376	950	9	0	1	0	0	1	0	
859	409	955	8	0	1	1	1	0	0	
860	133	470	10	0	0	1	1	1	0	
861	84	525	7	1	0	0	1	1	0	
862	67	720	10	0	0	1	0	1	0	
863	133	470	10	0	0	1	1	1	0	
864	1	295	8	1	0	0	1	0	1	
865	378	940	5	1	0	0	0	0	1	
866	157	755	8	0	1	0	1	0	1	
867	409	955	8	0	1	1	1	0	0	
868	84	525	7	1	0	0	1	1	0	
869	378	940	5	1	0	0	0	0	1	
870	7	845	6	1	0	1	0	0	0	
871	157	755	8	0	1	0	1	0	1	
872	160	670	7	0	1	0	0	1	1	
873	143	800	10	0	0	1	0	0	1	
874	133	470	10	0	0	1	1	1	0	
875	312	955	5	1	1	0	1	0	0	
876	196	980	6	0	1	0	0	0	1	
877	160	670	7	0	1	0	0	1	1	
878	378	940	5	1	0	0	0	0	1	
879	378	940	5	1	0	0	0	0	1	
880	157	755	8	0	1	0	1	0	1	
881	312	955	5	1	1	0	1	0	0	
882	289	830	6	0	0	0	0	1	0	
883	378	940	5	1	0	0	0	0	1	
884	143	800	10	0	0	1	0	0	1	
885	249	940	9	1	1	0	0	1	0	
886	339	855	10	0	0	1	0	1	0	
887	379	690	5	1	1	0	0	0	0	
888	84	525	7	1	0	0	1	1	0	
889	184	565	10	0	1	1	1	0	0	
890	404	565	7	0	1	0	1	0	0	
891	249	940	9	1	1	0	0	1	0	
892	376	950	9	0	1	0	0	1	0	
893	133	470	10	0	0	1	1	1	0	
894	1	600	10	0	1	1	0	1	0	
895	128	750	8	0	1	0	1	0	0	
896	143	800	10	0	0	1	0	0	1	
897	143	800	10	0	0	1	0	0	1	
898	1	600	10	0	1	1	0	1	0	
899	133	470	10	0	0	1	1	1	0	
900	29	515	6	0	0	1	0	1	0	
901	133	470	10	0	0	1	1	1	0	
902	404	565	7	0	1	0	1	0	0	
903	339	855	10	0	0	1	0	1	0	
904	128	750	8	0	1	0	1	0	0	
905	376	950	9	0	1	0	0	1	0	
906	84	525	7	1	0	0	1	1	0	
907	215	865	9	1	0	0	1	0	0	
908	160	670	7	0	1	0	0	1	1	
909	160	670	7	0	1	0	0	1	1	
910	160	670	7	0	1	0	0	1	1	
911	405	425	10	0	0	1	1	1	0	
912	133	470	10	0	0	1	1	1	0	
913	249	940	9	1	1	0	0	1	0	
914	405	425	10	0	0	1	1	1	0	
915	160	670	7	0	1	0	0	1	1	
916	133	470	10	0	0	1	1	1	0	
917	40	775	10	1	0	1	0	1	0	
918	133	470	10	0	0	1	1	1	0	
919	339	855	10	0	0	1	0	1	0	
920	409	955	8	0	1	1	1	0	0	
921	1	600	10	0	1	1	0	1	0	
922	249	940	9	1	1	0	0	1	0	
923	249	940	9	1	1	0	0	1	0	
924	301	965	5	0	0	0	0	0	1	
925	249	940	9	1	1	0	0	1	0	
926	143	800	10	0	0	1	0	0	1	
927	282	940	8	1	0	0	0	1	0	
928	7	845	6	1	0	1	0	0	0	
929	409	955	8	0	1	1	1	0	0	
930	376	950	9	0	1	0	0	1	0	
931	160	670	7	0	1	0	0	1	1	
932	7	845	6	1	0	1	0	0	0	
933	378	940	5	1	0	0	0	0	1	
934	249	940	9	1	1	0	0	1	0	
935	378	940	5	1	0	0	0	0	1	
936	84	525	7	1	0	0	1	1	0	
937	133	470	10	0	0	1	1	1	0	
938	195	620	6	1	0	0	0	1	0	
939	301	965	5	0	0	0	0	0	1	
940	339	855	10	0	0	1	0	1	0	
941	128	750	8	0	1	0	1	0	0	
942	143	800	10	0	0	1	0	0	1	
943	133	740	5	0	1	0	0	0	0	
944	379	690	5	1	1	0	0	0	0	
945	143	800	10	0	0	1	0	0	1	
946	143	800	10	0	0	1	0	0	1	
947	160	670	7	0	1	0	0	1	1	
948	376	950	9	0	1	0	0	1	0	
949	1	295	8	1	0	0	1	0	1	
950	249	940	9	1	1	0	0	1	0	
951	187	825	5	0	0	0	1	0	0	
952	405	425	10	0	0	1	1	1	0	
953	215	865	9	1	0	0	1	0	0	
954	143	800	10	0	0	1	0	0	1	
955	7	845	6	1	0	1	0	0	0	
956	143	800	10	0	0	1	0	0	1	
957	378	940	5	1	0	0	0	0	1	
958	84	525	7	1	0	0	1	1	0	
959	143	800	10	0	0	1	0	0	1	
960	84	525	7	1	0	0	1	1	0	
961	7	845	6	1	0	1	0	0	0	
962	143	800	10	0	0	1	0	0	1	
963	133	470	10	0	0	1	1	1	0	
964	143	800	10	0	0	1	0	0	1	
965	378	940	5	1	0	0	0	0	1	
966	378	940	5	1	0	0	0	0	1	
967	133	470	10	0	0	1	1	1	0	
968	83	655	8	1	0	1	0	0	0	
969	215	865	9	1	0	0	1	0	0	
970	301	965	5	0	0	0	0	0	1	
971	160	670	7	0	1	0	0	1	1	
972	133	470	10	0	0	1	1	1	0	
973	84	525	7	1	0	0	1	1	0	
974	143	800	10	0	0	1	0	0	1	
975	133	470	10	0	0	1	1	1	0	
976	312	955	5	1	1	0	1	0	0	
977	160	670	7	0	1	0	0	1	1	
978	160	670	7	0	1	0	0	1	1	
979	249	940	9	1	1	0	0	1	0	
980	378	940	5	1	0	0	0	0	1	
981	341	660	10	0	1	0	0	1	0	
982	160	670	7	0	1	0	0	1	1	
983	410	330	9	1	1	0	1	0	0	
984	376	950	9	0	1	0	0	1	0	
985	196	980	6	0	1	0	0	0	1	
986	143	800	10	0	0	1	0	0	1	
987	376	950	9	0	1	0	0	1	0	
988	143	800	10	0	0	1	0	0	1	
989	249	940	9	1	1	0	0	1	0	
990	1	600	10	0	1	1	0	1	0	
991	133	470	10	0	0	1	1	1	0	
992	249	940	9	1	1	0	0	1	0	
993	378	940	5	1	0	0	0	0	1	
994	1	295	8	1	0	0	1	0	1	
995	143	800	10	0	0	1	0	0	1	
996	133	470	10	0	0	1	1	1	0	
997	378	940	5	1	0	0	0	0	1	
998	7	845	6	1	0	1	0	0	0	
999	409	955	8	0	1	1	1	0	0	
1000	84	525	7	1	0	0	1	1	0	
1001	249	940	9	1	1	0	0	1	0	
1002	249	940	9	1	1	0	0	1	0	
1003	143	800	10	0	0	1	0	0	1	
1004	143	800	10	0	0	1	0	0	1	
1005	84	525	7	1	0	0	1	1	0	
1006	379	690	5	1	1	0	0	0	0	
1007	133	470	10	0	0	1	1	1	0	
1008	160	670	7	0	1	0	0	1	1	
1009	133	470	10	0	0	1	1	1	0	
1010	378	940	5	1	0	0	0	0	1	
1011	402	670	5	0	1	0	0	0	1	
1012	143	800	10	0	0	1	0	0	1	
1013	1	945	10	0	0	0	0	1	0	
1014	187	825	5	0	0	0	1	0	0	
1015	215	865	9	1	0	0	1	0	0	
1016	249	940	9	1	1	0	0	1	0	
1017	312	955	5	1	1	0	1	0	0	
1018	128	750	8	0	1	0	1	0	0	
1019	215	865	9	1	0	0	1	0	0	
1020	339	855	10	0	0	1	0	1	0	
1021	184	565	10	0	1	1	1	0	0	
1022	160	670	7	0	1	0	0	1	1	
1023	133	470	10	0	0	1	1	1	0	
1024	143	800	10	0	0	1	0	0	1	
1025	409	955	8	0	1	1	1	0	0	
1026	339	855	10	0	0	1	0	1	0	
1027	378	940	5	1	0	0	0	0	1	
1028	143	800	10	0	0	1	0	0	1	
1029	184	565	10	0	1	1	1	0	0	
1030	376	950	9	0	1	0	0	1	0	
1031	312	955	5	1	1	0	1	0	0	
1032	195	620	6	1	0	0	0	1	0	
1033	133	470	10	0	0	1	1	1	0	
1034	7	845	6	1	0	1	0	0	0	
1035	133	470	10	0	0	1	1	1	0	
1036	378	940	5	1	0	0	0	0	1	
1037	215	865	9	1	0	0	1	0	0	
1038	133	470	10	0	0	1	1	1	0	
1039	376	950	9	0	1	0	0	1	0	
1040	133	470	10	0	0	1	1	1	0	
1041	143	800	10	0	0	1	0	0	1	
1042	289	830	6	0	0	0	0	1	0	
1043	1	600	10	0	1	1	0	1	0	
1044	378	940	5	1	0	0	0	0	1	
1045	128	750	8	0	1	0	1	0	0	
1046	378	940	5	1	0	0	0	0	1	
1047	128	750	8	0	1	0	1	0	0	
1048	143	800	10	0	0	1	0	0	1	
1049	84	525	7	1	0	0	1	1	0	
1050	402	670	5	0	1	0	0	0	1	
1051	157	755	8	0	1	0	1	0	1	
1052	157	755	8	0	1	0	1	0	1	
1053	128	750	8	0	1	0	1	0	0	
1054	133	470	10	0	0	1	1	1	0	
1055	378	940	5	1	0	0	0	0	1	
1056	215	865	9	1	0	0	1	0	0	
1057	133	470	10	0	0	1	1	1	0	
1058	1	600	10	0	1	1	0	1	0	
1059	7	845	6	1	0	1	0	0	0	
1060	339	855	10	0	0	1	0	1	0	
1061	133	470	10	0	0	1	1	1	0	
1062	378	940	5	1	0	0	0	0	1	
1063	405	425	10	0	0	1	1	1	0	
1064	7	845	6	1	0	1	0	0	0	
1065	133	470	10	0	0	1	1	1	0	
1066	312	955	5	1	1	0	1	0	0	
1067	84	525	7	1	0	0	1	1	0	
1068	249	940	9	1	1	0	0	1	0	
1069	378	940	5	1	0	0	0	0	1	
1070	128	750	8	0	1	0	1	0	0	
1071	1	995	6	0	1	0	0	1	0	
1072	157	755	8	0	1	0	1	0	1	
1073	378	940	5	1	0	0	0	0	1	
1074	1	600	10	0	1	1	0	1	0	
1075	160	670	7	0	1	0	0	1	1	
1076	157	755	8	0	1	0	1	0	1	
1077	301	965	5	0	0	0	0	0	1	
1078	133	470	10	0	0	1	1	1	0	
1079	249	940	9	1	1	0	0	1	0	
1080	1	995	6	0	1	0	0	1	0	
1081	339	855	10	0	0	1	0	1	0	
1082	249	940	9	1	1	0	0	1	0	
1083	143	800	10	0	0	1	0	0	1	
1084	195	620	6	1	0	0	0	1	0	
1085	128	750	8	0	1	0	1	0	0	
1086	187	825	5	0	0	0	1	0	0	
1087	143	800	10	0	0	1	0	0	1	
1088	160	670	7	0	1	0	0	1	1	
1089	160	670	7	0	1	0	0	1	1	
1090	378	940	5	1	0	0	0	0	1	
1091	378	940	5	1	0	0	0	0	1	
1092	143	800	10	0	0	1	0	0	1	
1093	84	525	7	1	0	0	1	1	0	
1094	133	470	10	0	0	1	1	1	0	
1095	379	690	5	1	1	0	0	0	0	
1096	84	525	7	1	0	0	1	1	0	
1097	143	800	10	0	0	1	0	0	1	
1098	378	940	5	1	0	0	0	0	1	
1099	157	755	8	0	1	0	1	0	1	
1100	160	670	7	0	1	0	0	1	1	
1101	409	955	8	0	1	1	1	0	0	
1102	379	690	5	1	1	0	0	0	0	
1103	84	525	7	1	0	0	1	1	0	
1104	1	235	10	1	1	1	0	0	0	
1105	160	670	7	0	1	0	0	1	1	
1106	379	690	5	1	1	0	0	0	0	
1107	84	525	7	1	0	0	1	1	0	
1108	409	955	8	0	1	1	1	0	0	
1109	1	995	6	0	1	0	0	1	0	
1110	133	470	10	0	0	1	1	1	0	
1111	128	750	8	0	1	0	1	0	0	
1112	378	940	5	1	0	0	0	0	1	
1113	215	865	9	1	0	0	1	0	0	
1114	7	845	6	1	0	1	0	0	0	
1115	215	865	9	1	0	0	1	0	0	
1116	414	560	7	0	1	0	0	1	0	
1117	143	800	10	0	0	1	0	0	1	
1118	184	565	10	0	1	1	1	0	0	
1119	289	830	6	0	0	0	0	1	0	
1120	215	865	9	1	0	0	1	0	0	
1121	160	670	7	0	1	0	0	1	1	
1122	378	940	5	1	0	0	0	0	1	
1123	376	950	9	0	1	0	0	1	0	
1124	215	865	9	1	0	0	1	0	0	
1125	378	940	5	1	0	0	0	0	1	
1126	157	755	8	0	1	0	1	0	1	
1127	143	800	10	0	0	1	0	0	1	
1128	409	955	8	0	1	1	1	0	0	
1129	379	690	5	1	1	0	0	0	0	
1130	289	830	6	0	0	0	0	1	0	
1131	143	800	10	0	0	1	0	0	1	
1132	378	940	5	1	0	0	0	0	1	
1133	160	670	7	0	1	0	0	1	1	
1134	133	470	10	0	0	1	1	1	0	
1135	249	940	9	1	1	0	0	1	0	
1136	160	670	7	0	1	0	0	1	1	
1137	133	470	10	0	0	1	1	1	0	
1138	249	940	9	1	1	0	0	1	0	
1139	157	755	8	0	1	0	1	0	1	
1140	378	940	5	1	0	0	0	0	1	
1141	378	940	5	1	0	0	0	0	1	
1142	128	750	8	0	1	0	1	0	0	
1143	378	940	5	1	0	0	0	0	1	
1144	183	170	7	1	0	0	0	0	1	
1145	376	950	9	0	1	0	0	1	0	
1146	128	750	8	0	1	0	1	0	0	
1147	376	950	9	0	1	0	0	1	0	
1148	133	470	10	0	0	1	1	1	0	
1149	409	955	8	0	1	1	1	0	0	
1150	143	800	10	0	0	1	0	0	1	
1151	339	855	10	0	0	1	0	1	0	
1152	84	525	7	1	0	0	1	1	0	
1153	7	845	6	1	0	1	0	0	0	
1154	133	470	10	0	0	1	1	1	0	
1155	133	470	10	0	0	1	1	1	0	
1156	249	940	9	1	1	0	0	1	0	
1157	7	845	6	1	0	1	0	0	0	
1158	7	845	6	1	0	1	0	0	0	
1159	160	670	7	0	1	0	0	1	1	
1160	408	580	10	1	0	0	0	0	0	
1161	1	600	10	0	1	1	0	1	0	
1162	376	950	9	0	1	0	0	1	0	
1163	282	940	8	1	0	0	0	1	0	
1164	143	800	10	0	0	1	0	0	1	
1165	133	470	10	0	0	1	1	1	0	
1166	249	940	9	1	1	0	0	1	0	
1167	133	470	10	0	0	1	1	1	0	
1168	84	525	7	1	0	0	1	1	0	
1169	143	800	10	0	0	1	0	0	1	
1170	143	800	10	0	0	1	0	0	1	
1171	157	755	8	0	1	0	1	0	1	
1172	1	295	8	1	0	0	1	0	1	
1173	1	590	5	1	1	0	0	0	0	
1174	160	670	7	0	1	0	0	1	1	
1175	7	845	6	1	0	1	0	0	0	
1176	196	980	6	0	1	0	0	0	1	
1177	378	940	5	1	0	0	0	0	1	
1178	7	845	6	1	0	1	0	0	0	
1179	312	955	5	1	1	0	1	0	0	
1180	143	800	10	0	0	1	0	0	1	
1181	339	855	10	0	0	1	0	1	0	
1182	312	955	5	1	1	0	1	0	0	
1183	312	955	5	1	1	0	1	0	0	
1184	128	750	8	0	1	0	1	0	0	
1185	405	425	10	0	0	1	1	1	0	
1186	160	670	7	0	1	0	0	1	1	
1187	215	865	9	1	0	0	1	0	0	
1188	29	515	6	0	0	1	0	1	0	
1189	133	470	10	0	0	1	1	1	0	
1190	378	940	5	1	0	0	0	0	1	
1191	409	955	8	0	1	1	1	0	0	
1192	1	235	10	1	1	1	0	0	0	
1193	282	940	8	1	0	0	0	1	0	
1194	301	965	5	0	0	0	0	0	1	
1195	378	940	5	1	0	0	0	0	1	
1196	133	470	10	0	0	1	1	1	0	
1197	376	950	9	0	1	0	0	1	0	
1198	84	525	7	1	0	0	1	1	0	
1199	160	670	7	0	1	0	0	1	1	
1200	83	655	8	1	0	1	0	0	0	
1201	312	955	5	1	1	0	1	0	0	
1202	312	955	5	1	1	0	1	0	0	
1203	40	775	10	1	0	1	0	1	0	
1204	7	845	6	1	0	1	0	0	0	
1205	339	855	10	0	0	1	0	1	0	
1206	378	940	5	1	0	0	0	0	1	
1207	249	940	9	1	1	0	0	1	0	
1208	409	955	8	0	1	1	1	0	0	
1209	157	755	8	0	1	0	1	0	1	
1210	378	940	5	1	0	0	0	0	1	
1211	378	940	5	1	0	0	0	0	1	
1212	133	740	5	0	1	0	0	0	0	
1213	84	525	7	1	0	0	1	1	0	
1214	143	800	10	0	0	1	0	0	1	
1215	160	670	7	0	1	0	0	1	1	
1216	1	995	6	0	1	0	0	1	0	
1217	133	470	10	0	0	1	1	1	0	
1218	143	800	10	0	0	1	0	0	1	
1219	312	955	5	1	1	0	1	0	0	
1220	249	940	9	1	1	0	0	1	0	
1221	312	955	5	1	1	0	1	0	0	
1222	143	800	10	0	0	1	0	0	1	
1223	160	670	7	0	1	0	0	1	1	
1224	333	730	5	1	0	0	0	1	0	
1225	405	425	10	0	0	1	1	1	0	
1226	29	515	6	0	0	1	0	1	0	
1227	405	425	10	0	0	1	1	1	0	
1228	376	950	9	0	1	0	0	1	0	
1229	301	965	5	0	0	0	0	0	1	
1230	405	425	10	0	0	1	1	1	0	
1231	378	940	5	1	0	0	0	0	1	
1232	282	940	8	1	0	0	0	1	0	
1233	143	800	10	0	0	1	0	0	1	
1234	84	525	7	1	0	0	1	1	0	
1235	133	470	10	0	0	1	1	1	0	
1236	405	425	10	0	0	1	1	1	0	
1237	378	940	5	1	0	0	0	0	1	
1238	378	940	5	1	0	0	0	0	1	
1239	67	720	10	0	0	1	0	1	0	
1240	379	690	5	1	1	0	0	0	0	
1241	196	980	6	0	1	0	0	0	1	
1242	306	495	9	1	1	0	0	1	0	
1243	143	800	10	0	0	1	0	0	1	
1244	7	845	6	1	0	1	0	0	0	
1245	312	955	5	1	1	0	1	0	0	
1246	40	775	10	1	0	1	0	1	0	
1247	133	740	5	0	1	0	0	0	0	
1248	405	425	10	0	0	1	1	1	0	
1249	405	425	10	0	0	1	1	1	0	
1250	249	940	9	1	1	0	0	1	0	
1251	378	940	5	1	0	0	0	0	1	
1252	143	800	10	0	0	1	0	0	1	
1253	143	800	10	0	0	1	0	0	1	
1254	160	670	7	0	1	0	0	1	1	
1255	379	690	5	1	1	0	0	0	0	
1256	409	955	8	0	1	1	1	0	0	
1257	378	940	5	1	0	0	0	0	1	
1258	409	955	8	0	1	1	1	0	0	
1259	405	425	10	0	0	1	1	1	0	
1260	143	800	10	0	0	1	0	0	1	
1261	376	950	9	0	1	0	0	1	0	
1262	376	950	9	0	1	0	0	1	0	
1263	312	955	5	1	1	0	1	0	0	
1264	215	865	9	1	0	0	1	0	0	
1265	128	750	8	0	1	0	1	0	0	
1266	412	465	10	0	1	0	0	0	1	
1267	378	940	5	1	0	0	0	0	1	
1268	29	515	6	0	0	1	0	1	0	
1269	133	470	10	0	0	1	1	1	0	
1270	157	755	8	0	1	0	1	0	1	
1271	409	955	8	0	1	1	1	0	0	
1272	249	940	9	1	1	0	0	1	0	
1273	133	470	10	0	0	1	1	1	0	
1274	128	750	8	0	1	0	1	0	0	
1275	331	410	9	0	0	0	1	0	1	
1276	7	845	6	1	0	1	0	0	0	
1277	160	670	7	0	1	0	0	1	1	
1278	409	955	8	0	1	1	1	0	0	
1279	249	940	9	1	1	0	0	1	0	
1280	133	470	10	0	0	1	1	1	0	
1281	160	670	7	0	1	0	0	1	1	
1282	1	450	7	0	0	1	0	0	0	
1283	215	865	9	1	0	0	1	0	0	
1284	133	470	10	0	0	1	1	1	0	
1285	301	965	5	0	0	0	0	0	1	
1286	84	525	7	1	0	0	1	1	0	
1287	1	295	8	1	0	0	1	0	1	
1288	249	940	9	1	1	0	0	1	0	
1289	84	525	7	1	0	0	1	1	0	
1290	196	980	6	0	1	0	0	0	1	
1291	282	940	8	1	0	0	0	1	0	
1292	143	800	10	0	0	1	0	0	1	
1293	378	940	5	1	0	0	0	0	1	
1294	133	470	10	0	0	1	1	1	0	
1295	143	800	10	0	0	1	0	0	1	
1296	84	525	7	1	0	0	1	1	0	
1297	7	845	6	1	0	1	0	0	0	
1298	7	845	6	1	0	1	0	0	0	
1299	160	670	7	0	1	0	0	1	1	
1300	157	755	8	0	1	0	1	0	1	

