DATASET = ORTEC Early VeRoLog 2019 - easy
NAME = Instance 11 easy

DAYS = 15
TRUCK_CAPACITY = 18
TRUCK_MAX_DISTANCE = 1345

TRUCK_DISTANCE_COST = 100000
TRUCK_DAY_COST = 10
TRUCK_COST = 10000
TECHNICIAN_DISTANCE_COST = 10000
TECHNICIAN_DAY_COST = 100
TECHNICIAN_COST = 10

MACHINES = 3
	1	3	615
	2	8	825
	3	8	965

LOCATIONS = 330
	1	190	387
	2	320	468
	3	738	594
	4	530	309
	5	267	466
	6	293	466
	7	474	652
	8	313	478
	9	568	512
	10	538	563
	11	579	592
	12	666	434
	13	243	326
	14	373	372
	15	516	746
	16	569	677
	17	636	611
	18	264	376
	19	193	374
	20	319	479
	21	304	477
	22	284	639
	23	586	712
	24	521	357
	25	36	209
	26	243	418
	27	49	211
	28	97	166
	29	539	121
	30	337	559
	31	405	284
	32	590	670
	33	196	193
	34	604	475
	35	638	519
	36	681	703
	37	702	451
	38	348	508
	39	346	352
	40	601	515
	41	281	404
	42	592	422
	43	244	353
	44	287	627
	45	268	453
	46	639	698
	47	316	465
	48	512	493
	49	538	433
	50	192	381
	51	673	745
	52	696	342
	53	298	453
	54	446	281
	55	273	363
	56	100	159
	57	163	316
	58	629	669
	59	239	318
	60	400	328
	61	95	285
	62	386	377
	63	190	212
	64	294	246
	65	414	327
	66	650	453
	67	488	305
	68	256	466
	69	389	403
	70	754	553
	71	286	543
	72	372	424
	73	173	225
	74	601	334
	75	577	366
	76	198	334
	77	296	215
	78	567	692
	79	367	395
	80	557	625
	81	350	403
	82	316	486
	83	513	27
	84	703	591
	85	453	367
	86	338	389
	87	304	490
	88	507	78
	89	284	475
	90	611	392
	91	360	327
	92	400	424
	93	439	312
	94	299	502
	95	452	715
	96	644	345
	97	425	330
	98	277	369
	99	175	361
	100	531	355
	101	515	67
	102	284	546
	103	554	348
	104	458	376
	105	321	241
	106	201	313
	107	527	526
	108	306	348
	109	752	575
	110	338	306
	111	471	368
	112	184	373
	113	524	373
	114	363	419
	115	631	408
	116	509	724
	117	299	467
	118	175	226
	119	476	665
	120	727	576
	121	341	404
	122	470	206
	123	593	651
	124	267	513
	125	556	240
	126	545	263
	127	300	496
	128	675	613
	129	514	687
	130	177	343
	131	517	347
	132	479	376
	133	672	529
	134	377	462
	135	364	549
	136	467	261
	137	268	453
	138	357	553
	139	520	638
	140	246	327
	141	318	582
	142	197	184
	143	312	421
	144	698	357
	145	517	323
	146	541	420
	147	582	712
	148	345	260
	149	549	14
	150	395	386
	151	543	349
	152	188	376
	153	191	383
	154	416	233
	155	477	669
	156	709	445
	157	476	720
	158	255	307
	159	733	691
	160	265	299
	161	508	716
	162	520	61
	163	263	350
	164	458	357
	165	489	125
	166	272	506
	167	186	389
	168	464	197
	169	293	192
	170	286	431
	171	759	714
	172	308	527
	173	326	251
	174	263	306
	175	665	655
	176	216	381
	177	539	755
	178	46	179
	179	611	392
	180	422	218
	181	443	509
	182	185	343
	183	620	533
	184	478	406
	185	242	318
	186	308	455
	187	311	478
	188	487	341
	189	502	475
	190	720	426
	191	663	358
	192	285	388
	193	75	273
	194	254	472
	195	304	553
	196	504	364
	197	636	562
	198	473	464
	199	291	550
	200	420	681
	201	384	449
	202	409	256
	203	445	290
	204	702	668
	205	522	364
	206	210	387
	207	326	466
	208	395	571
	209	312	469
	210	297	503
	211	317	320
	212	348	230
	213	130	259
	214	280	303
	215	699	357
	216	340	393
	217	537	427
	218	653	615
	219	241	410
	220	468	227
	221	433	363
	222	414	282
	223	297	624
	224	655	572
	225	317	472
	226	469	366
	227	561	716
	228	743	733
	229	591	399
	230	288	584
	231	461	326
	232	339	308
	233	469	464
	234	451	243
	235	210	321
	236	703	394
	237	195	380
	238	260	307
	239	497	17
	240	225	359
	241	260	478
	242	180	375
	243	555	477
	244	212	381
	245	211	362
	246	390	400
	247	231	410
	248	517	347
	249	398	425
	250	415	431
	251	673	745
	252	396	381
	253	262	476
	254	379	430
	255	521	316
	256	388	437
	257	184	338
	258	387	390
	259	368	284
	260	264	316
	261	234	357
	262	227	405
	263	738	484
	264	680	468
	265	325	467
	266	536	24
	267	593	427
	268	556	547
	269	415	277
	270	510	303
	271	422	195
	272	508	367
	273	159	311
	274	498	321
	275	700	407
	276	276	561
	277	566	390
	278	568	377
	279	296	467
	280	298	553
	281	311	447
	282	301	449
	283	367	211
	284	661	723
	285	240	403
	286	512	120
	287	260	475
	288	239	327
	289	585	179
	290	386	474
	291	237	340
	292	330	516
	293	361	374
	294	262	513
	295	759	601
	296	530	352
	297	376	428
	298	752	624
	299	376	238
	300	521	53
	301	645	541
	302	566	769
	303	219	433
	304	193	379
	305	432	711
	306	136	260
	307	144	325
	308	420	405
	309	215	323
	310	764	700
	311	356	377
	312	519	316
	313	575	361
	314	408	356
	315	224	417
	316	361	399
	317	647	470
	318	308	459
	319	479	23
	320	513	306
	321	180	322
	322	521	88
	323	309	466
	324	469	476
	325	764	644
	326	494	192
	327	262	498
	328	567	431
	329	369	447
	330	777	632

REQUESTS = 975
	1	20	1	4	2	1
	2	202	1	4	2	1
	3	101	1	2	3	1
	4	184	1	5	3	2
	5	102	1	2	3	1
	6	281	1	2	3	1
	7	211	1	6	2	2
	8	132	1	4	2	1
	9	170	1	5	1	1
	10	3	1	2	2	1
	11	141	1	3	1	2
	12	36	1	2	2	1
	13	70	1	4	2	2
	14	196	1	2	2	1
	15	173	1	5	1	3
	16	183	1	4	1	2
	17	99	1	3	2	1
	18	312	1	5	2	1
	19	80	1	6	2	2
	20	111	1	6	2	2
	21	113	1	4	1	3
	22	52	1	3	3	2
	23	5	1	3	1	2
	24	76	1	3	3	2
	25	60	1	3	2	1
	26	9	1	5	1	1
	27	138	1	4	2	2
	28	305	1	5	1	2
	29	305	1	5	3	1
	30	106	1	6	3	1
	31	313	1	6	2	2
	32	224	1	6	2	1
	33	44	1	4	3	1
	34	119	1	3	2	1
	35	90	1	3	1	3
	36	127	1	4	2	2
	37	283	1	5	1	2
	38	325	1	3	3	1
	39	272	1	2	2	1
	40	157	1	6	2	1
	41	72	1	3	2	1
	42	319	1	5	2	1
	43	161	1	3	3	1
	44	122	1	5	1	2
	45	100	1	4	2	2
	46	160	1	5	3	2
	47	10	1	2	2	2
	48	174	1	3	3	1
	49	283	1	4	3	1
	50	76	1	6	1	2
	51	314	1	5	1	3
	52	100	1	6	1	3
	53	200	1	3	2	1
	54	190	1	2	2	2
	55	192	1	5	1	3
	56	139	1	6	1	2
	57	50	1	4	2	1
	58	148	1	4	2	1
	59	137	1	6	3	1
	60	82	1	5	2	2
	61	322	1	5	1	2
	62	117	1	6	3	1
	63	210	1	5	1	3
	64	320	1	3	1	3
	65	192	1	3	3	2
	66	201	1	6	2	1
	67	208	1	5	1	1
	68	221	1	3	2	1
	69	270	1	4	3	2
	70	280	1	5	3	2
	71	230	1	2	2	1
	72	203	1	3	3	1
	73	296	1	3	3	1
	74	253	1	3	3	2
	75	279	1	6	2	2
	76	114	1	6	1	2
	77	110	1	2	1	1
	78	149	1	2	2	1
	79	146	1	6	2	1
	80	9	1	6	3	1
	81	289	1	5	3	2
	82	240	1	6	3	2
	83	61	1	4	2	2
	84	219	1	4	2	2
	85	55	1	2	1	2
	86	302	1	5	2	1
	87	178	1	6	3	1
	88	58	1	2	3	2
	89	261	1	4	1	3
	90	126	1	3	2	2
	91	307	1	5	1	3
	92	144	1	3	2	2
	93	4	1	3	1	1
	94	180	1	3	1	1
	95	66	1	4	3	2
	96	276	1	4	2	2
	97	185	1	5	1	1
	98	3	1	3	1	2
	99	161	1	3	1	1
	100	16	1	2	2	2
	101	179	1	6	2	1
	102	58	1	4	3	1
	103	130	1	3	3	2
	104	300	2	5	2	1
	105	183	2	7	1	3
	106	2	2	3	3	2
	107	236	2	6	3	1
	108	206	2	7	3	2
	109	27	2	5	1	3
	110	228	2	3	1	1
	111	208	2	7	1	2
	112	310	2	7	1	3
	113	83	2	4	3	2
	114	277	2	7	2	1
	115	198	2	5	1	1
	116	231	2	5	1	3
	117	216	2	3	1	3
	118	137	2	5	2	1
	119	275	2	4	1	3
	120	304	2	7	1	1
	121	61	2	4	3	2
	122	221	2	3	1	2
	123	44	2	7	3	1
	124	136	2	5	1	3
	125	191	2	6	1	1
	126	34	2	7	1	1
	127	178	2	5	3	1
	128	151	2	4	2	1
	129	182	2	7	3	1
	130	96	2	4	1	2
	131	114	2	7	1	3
	132	172	2	4	2	2
	133	269	2	5	2	1
	134	88	2	6	3	1
	135	11	2	6	1	2
	136	46	2	6	1	3
	137	276	2	6	3	2
	138	67	2	6	1	2
	139	156	2	4	2	2
	140	251	2	6	2	1
	141	30	2	6	1	3
	142	101	2	6	2	2
	143	55	2	3	3	2
	144	302	2	6	3	2
	145	12	2	5	3	2
	146	235	2	5	1	3
	147	307	2	3	3	2
	148	253	2	3	2	1
	149	145	2	3	2	2
	150	122	2	4	2	2
	151	266	2	7	3	2
	152	14	2	3	2	2
	153	316	2	7	3	2
	154	319	2	5	3	1
	155	66	2	6	3	2
	156	112	2	7	2	2
	157	62	2	6	3	1
	158	218	2	6	1	3
	159	255	2	3	2	1
	160	266	2	5	3	2
	161	99	2	3	2	2
	162	194	2	7	2	2
	163	89	2	5	1	3
	164	221	2	6	3	2
	165	39	2	6	3	1
	166	319	2	4	3	2
	167	78	2	4	1	3
	168	212	2	6	3	1
	169	305	2	6	2	1
	170	18	2	4	1	2
	171	134	2	5	2	2
	172	28	2	3	1	1
	173	13	2	3	3	2
	174	239	2	4	3	2
	175	269	2	3	1	2
	176	184	2	6	2	1
	177	261	2	7	3	2
	178	54	2	5	1	1
	179	286	2	5	2	2
	180	20	2	4	1	1
	181	136	2	7	1	2
	182	324	2	7	1	2
	183	315	2	4	3	1
	184	38	2	5	2	1
	185	76	2	7	2	2
	186	3	2	5	2	1
	187	294	2	4	3	1
	188	244	2	5	1	1
	189	325	2	3	1	1
	190	6	2	5	2	1
	191	180	2	4	3	1
	192	194	2	6	1	1
	193	64	2	6	2	1
	194	153	2	6	2	1
	195	130	2	4	3	1
	196	45	2	3	2	1
	197	323	2	7	2	2
	198	178	2	3	3	1
	199	100	2	5	1	1
	200	62	2	3	3	2
	201	263	2	7	1	2
	202	284	2	5	3	2
	203	190	3	4	1	1
	204	29	3	4	1	3
	205	222	3	4	3	2
	206	320	3	8	2	2
	207	193	3	4	2	1
	208	284	3	7	2	1
	209	53	3	8	3	2
	210	244	3	6	2	1
	211	234	3	8	2	2
	212	15	3	5	1	1
	213	27	3	5	3	1
	214	239	3	4	3	2
	215	242	3	6	1	2
	216	22	3	7	2	1
	217	104	3	7	3	1
	218	188	3	8	1	2
	219	41	3	7	2	2
	220	315	3	6	1	3
	221	84	3	8	3	2
	222	236	3	6	1	1
	223	88	3	6	3	2
	224	38	3	4	2	2
	225	51	3	4	2	1
	226	137	3	8	1	3
	227	159	3	4	3	1
	228	162	3	4	2	2
	229	52	3	5	3	1
	230	127	3	5	3	2
	231	29	3	7	1	1
	232	205	3	7	1	1
	233	301	3	4	2	1
	234	9	3	6	1	3
	235	155	3	8	3	1
	236	249	3	4	3	1
	237	59	3	6	1	1
	238	177	3	5	3	2
	239	85	3	8	2	1
	240	284	3	7	2	1
	241	229	3	7	1	1
	242	94	3	7	3	1
	243	4	3	5	1	3
	244	90	3	5	1	3
	245	63	3	4	1	2
	246	174	3	7	3	2
	247	220	3	6	3	2
	248	147	3	6	2	1
	249	182	3	5	3	2
	250	93	3	5	1	1
	251	303	3	7	3	1
	252	27	3	5	3	2
	253	219	3	5	2	2
	254	326	3	7	1	3
	255	177	3	4	2	2
	256	197	3	5	2	1
	257	86	3	7	1	3
	258	148	3	5	3	1
	259	269	3	7	1	1
	260	318	3	7	1	3
	261	89	3	4	3	1
	262	133	3	8	2	2
	263	39	3	8	3	2
	264	160	3	7	2	2
	265	307	3	7	1	3
	266	270	3	5	2	1
	267	193	3	5	1	3
	268	254	3	5	1	1
	269	139	3	8	2	2
	270	3	3	5	3	1
	271	208	3	7	2	1
	272	112	3	5	1	2
	273	145	3	4	2	1
	274	6	3	7	3	1
	275	265	3	6	1	2
	276	83	3	4	2	1
	277	145	3	8	2	1
	278	226	3	7	1	2
	279	87	3	6	1	1
	280	185	3	8	1	2
	281	18	3	7	2	2
	282	4	3	4	1	3
	283	319	3	6	2	2
	284	287	3	4	2	2
	285	102	3	6	1	1
	286	144	3	5	3	1
	287	4	3	4	3	1
	288	321	3	5	1	3
	289	114	3	4	2	1
	290	110	3	7	3	2
	291	158	3	5	2	1
	292	62	3	6	2	1
	293	68	3	5	2	2
	294	17	3	5	3	1
	295	42	3	7	1	3
	296	64	3	8	2	2
	297	130	3	7	2	2
	298	208	3	7	1	1
	299	103	3	6	1	1
	300	5	3	5	3	2
	301	263	3	4	1	1
	302	224	3	8	1	2
	303	79	3	4	2	1
	304	270	3	7	3	2
	305	77	3	5	3	2
	306	154	3	7	1	1
	307	308	3	8	2	1
	308	166	3	8	3	2
	309	218	3	8	3	1
	310	196	3	7	3	1
	311	109	4	9	1	1
	312	132	4	8	3	1
	313	28	4	9	3	1
	314	233	4	7	2	2
	315	77	4	8	1	2
	316	132	4	8	3	2
	317	50	4	6	2	2
	318	73	4	6	3	2
	319	67	4	8	3	2
	320	318	4	6	2	1
	321	143	4	6	2	1
	322	285	4	9	3	2
	323	243	4	7	1	2
	324	83	4	6	1	3
	325	22	4	5	1	1
	326	30	4	6	1	3
	327	30	4	7	1	2
	328	39	4	8	3	1
	329	39	4	8	3	1
	330	244	4	9	2	1
	331	251	4	6	1	2
	332	104	4	6	3	1
	333	65	4	7	2	1
	334	258	4	9	1	3
	335	63	4	6	1	1
	336	133	4	6	3	1
	337	213	4	6	1	2
	338	129	4	7	2	2
	339	205	4	8	1	2
	340	293	4	7	1	2
	341	253	4	5	3	2
	342	54	4	8	1	2
	343	157	4	6	3	2
	344	174	4	6	1	2
	345	204	4	9	2	2
	346	320	4	9	2	1
	347	86	4	6	3	1
	348	176	4	5	1	1
	349	203	4	8	2	2
	350	147	4	5	2	1
	351	187	4	6	3	1
	352	153	4	7	1	2
	353	183	4	8	3	2
	354	118	4	7	1	3
	355	38	4	8	3	2
	356	251	4	6	2	2
	357	268	4	6	3	1
	358	9	4	8	1	3
	359	298	4	5	1	1
	360	98	4	9	2	1
	361	254	4	9	3	2
	362	11	4	7	1	1
	363	240	4	8	1	1
	364	23	4	8	3	2
	365	155	4	5	2	1
	366	124	4	6	1	1
	367	266	4	6	1	3
	368	123	4	8	3	1
	369	131	4	6	2	1
	370	128	4	9	3	1
	371	78	4	5	1	1
	372	283	4	9	1	1
	373	312	4	7	2	2
	374	98	4	5	2	2
	375	286	4	8	3	2
	376	174	4	7	2	2
	377	321	4	8	3	2
	378	280	4	5	2	2
	379	127	4	5	1	1
	380	276	4	9	1	2
	381	305	4	6	3	2
	382	7	4	8	3	2
	383	107	4	8	1	2
	384	137	4	6	1	2
	385	60	4	6	3	2
	386	104	4	9	3	2
	387	23	4	7	3	2
	388	213	4	5	1	3
	389	325	4	7	2	1
	390	214	4	7	3	1
	391	164	4	6	2	1
	392	208	4	5	3	1
	393	154	4	8	1	3
	394	228	4	7	1	1
	395	154	4	6	3	2
	396	18	4	5	2	2
	397	262	4	5	2	2
	398	77	4	7	2	1
	399	50	4	6	3	1
	400	89	4	9	2	1
	401	268	4	6	1	2
	402	54	4	9	2	1
	403	94	4	6	1	1
	404	151	4	6	3	1
	405	210	4	6	2	2
	406	257	4	7	3	2
	407	105	4	5	3	2
	408	149	4	5	1	1
	409	195	4	7	2	2
	410	4	4	6	2	1
	411	163	4	6	1	1
	412	134	4	8	1	1
	413	201	4	6	2	2
	414	240	4	7	3	1
	415	45	4	5	1	2
	416	284	4	7	1	2
	417	255	4	6	1	1
	418	302	4	7	1	1
	419	284	4	8	3	1
	420	17	4	8	3	2
	421	290	4	8	1	1
	422	321	4	9	1	3
	423	39	4	6	2	2
	424	114	4	8	1	3
	425	246	5	8	1	1
	426	230	5	6	3	1
	427	30	5	8	3	2
	428	251	5	6	1	2
	429	82	5	8	3	2
	430	300	5	7	3	1
	431	214	5	8	2	1
	432	272	5	10	2	2
	433	73	5	9	1	1
	434	210	5	10	1	3
	435	169	5	6	1	3
	436	159	5	6	3	2
	437	200	5	10	1	2
	438	140	5	7	1	2
	439	20	5	10	2	2
	440	170	5	10	1	3
	441	58	5	7	2	2
	442	28	5	9	1	3
	443	252	5	8	2	1
	444	95	5	7	2	1
	445	324	5	6	2	2
	446	206	5	9	1	3
	447	233	5	9	2	1
	448	5	5	6	2	2
	449	40	5	8	2	1
	450	141	5	7	1	3
	451	263	5	10	2	1
	452	169	5	9	2	2
	453	4	5	6	2	1
	454	72	5	9	1	2
	455	76	5	7	2	2
	456	120	5	9	3	1
	457	134	5	9	2	1
	458	37	5	7	1	1
	459	73	5	9	2	1
	460	125	5	8	3	1
	461	144	5	9	1	3
	462	216	5	7	3	1
	463	156	5	7	3	2
	464	191	5	6	1	1
	465	122	5	10	2	2
	466	271	5	7	1	3
	467	73	5	7	2	1
	468	221	5	6	3	1
	469	177	5	10	2	1
	470	10	5	9	1	3
	471	51	5	8	3	2
	472	243	5	6	2	1
	473	158	5	10	1	3
	474	224	5	9	3	1
	475	7	5	8	2	2
	476	60	5	6	3	1
	477	208	5	6	1	3
	478	75	5	7	3	2
	479	95	5	6	1	1
	480	308	5	9	2	1
	481	287	5	6	1	1
	482	229	5	7	1	2
	483	16	5	8	2	2
	484	18	5	7	3	2
	485	273	5	8	2	2
	486	119	5	7	1	1
	487	30	5	9	2	2
	488	76	5	8	1	2
	489	300	5	6	3	2
	490	220	5	9	1	2
	491	163	5	7	3	1
	492	141	5	6	2	2
	493	233	5	8	2	1
	494	100	5	9	3	2
	495	127	5	9	3	2
	496	247	5	9	2	1
	497	160	5	8	3	2
	498	232	5	10	1	2
	499	74	5	6	1	1
	500	48	5	8	2	2
	501	321	5	9	2	2
	502	242	5	10	2	1
	503	137	5	8	2	2
	504	41	5	10	3	2
	505	277	5	10	3	2
	506	11	5	8	2	1
	507	45	5	6	1	2
	508	149	5	7	3	2
	509	177	5	6	1	1
	510	291	5	10	3	2
	511	123	5	9	1	2
	512	2	5	6	2	2
	513	259	5	7	1	3
	514	5	5	8	2	2
	515	166	5	6	2	2
	516	64	5	7	1	3
	517	52	5	8	1	1
	518	215	5	6	3	2
	519	56	5	6	2	2
	520	324	5	8	3	1
	521	184	5	7	2	1
	522	18	5	8	1	1
	523	192	5	9	3	2
	524	226	5	8	1	1
	525	298	5	10	1	2
	526	101	5	8	3	1
	527	38	5	10	3	1
	528	208	5	6	2	1
	529	312	5	8	3	2
	530	193	5	8	3	2
	531	289	5	9	2	1
	532	2	5	7	2	2
	533	299	5	9	3	2
	534	159	5	8	2	2
	535	97	5	8	1	3
	536	197	5	7	2	1
	537	298	6	8	2	2
	538	85	6	9	3	2
	539	312	6	8	3	1
	540	198	6	10	1	1
	541	159	6	10	3	1
	542	157	6	9	2	2
	543	312	6	11	1	3
	544	236	6	11	1	2
	545	239	6	11	2	1
	546	235	6	7	2	1
	547	96	6	11	3	1
	548	194	6	10	1	2
	549	17	6	7	3	1
	550	232	6	11	1	2
	551	196	6	8	1	2
	552	253	6	10	2	1
	553	235	6	7	1	1
	554	280	6	11	2	1
	555	285	6	9	2	2
	556	39	6	10	1	1
	557	206	6	7	2	2
	558	242	6	10	3	2
	559	143	6	11	3	2
	560	14	6	10	2	2
	561	193	6	8	1	2
	562	131	6	8	2	1
	563	83	6	9	3	1
	564	152	6	9	1	1
	565	115	6	9	1	2
	566	274	6	7	3	1
	567	161	6	9	3	2
	568	85	6	11	1	3
	569	149	6	11	1	1
	570	54	6	9	3	2
	571	278	6	11	2	2
	572	272	6	11	1	2
	573	12	6	11	3	1
	574	3	6	10	2	1
	575	268	6	8	3	1
	576	88	6	10	2	1
	577	69	6	10	1	2
	578	79	6	9	2	1
	579	176	6	9	2	1
	580	97	6	8	1	3
	581	59	6	11	2	1
	582	240	6	9	3	2
	583	302	6	10	3	1
	584	45	6	11	3	2
	585	285	6	8	1	2
	586	15	6	8	1	3
	587	11	6	10	1	1
	588	241	6	9	3	1
	589	97	6	9	1	2
	590	208	6	9	2	2
	591	155	6	7	2	1
	592	26	6	10	1	3
	593	297	6	7	2	2
	594	87	6	7	2	1
	595	136	6	9	3	1
	596	258	6	9	1	2
	597	233	6	9	3	1
	598	82	6	10	2	2
	599	128	6	7	3	2
	600	227	6	9	1	2
	601	224	6	11	2	2
	602	35	6	11	3	1
	603	177	6	11	2	2
	604	3	6	8	3	2
	605	265	6	7	1	1
	606	68	6	9	3	2
	607	75	6	8	3	1
	608	129	6	10	3	2
	609	303	6	10	1	2
	610	147	6	8	2	1
	611	309	6	7	1	2
	612	199	6	9	3	2
	613	255	6	8	2	1
	614	320	6	9	3	1
	615	111	6	8	3	1
	616	261	6	7	3	2
	617	221	6	11	3	1
	618	84	6	10	2	2
	619	195	6	11	2	2
	620	6	6	11	3	1
	621	198	6	11	1	1
	622	25	6	9	3	2
	623	144	6	8	3	1
	624	58	6	8	2	1
	625	253	6	9	3	2
	626	315	6	11	2	2
	627	56	6	10	1	1
	628	318	6	9	3	1
	629	233	6	7	2	2
	630	323	6	8	3	2
	631	17	6	8	2	1
	632	214	6	11	3	1
	633	262	6	8	1	3
	634	296	6	11	3	2
	635	200	6	10	2	1
	636	113	6	10	2	2
	637	242	6	8	3	2
	638	267	6	11	1	2
	639	82	6	10	3	1
	640	288	6	8	1	3
	641	46	7	10	1	1
	642	160	7	11	3	2
	643	323	7	9	2	2
	644	81	7	12	2	1
	645	21	7	12	1	3
	646	293	7	12	3	2
	647	24	7	12	2	2
	648	253	7	12	1	3
	649	278	7	8	2	2
	650	171	7	11	3	1
	651	103	7	12	2	1
	652	91	7	8	1	1
	653	45	7	9	2	1
	654	23	7	11	3	1
	655	240	7	12	3	2
	656	275	7	12	1	1
	657	184	7	11	2	1
	658	102	7	8	2	1
	659	96	7	8	1	1
	660	271	7	12	3	2
	661	211	7	8	1	1
	662	37	7	9	1	1
	663	18	7	11	1	2
	664	159	7	8	1	2
	665	148	7	9	3	1
	666	74	7	8	2	2
	667	195	7	9	1	1
	668	326	7	10	3	1
	669	87	7	11	2	1
	670	241	7	10	3	2
	671	78	7	10	3	2
	672	266	7	8	3	1
	673	241	7	8	3	2
	674	293	7	12	1	1
	675	207	7	10	2	2
	676	163	7	9	2	2
	677	83	7	9	2	1
	678	24	7	8	3	1
	679	77	7	12	3	1
	680	323	7	9	3	1
	681	161	7	8	2	1
	682	97	7	10	2	2
	683	254	7	12	3	1
	684	313	7	8	1	2
	685	162	7	9	2	1
	686	12	7	10	3	1
	687	238	7	10	2	2
	688	61	7	12	3	1
	689	51	7	9	2	1
	690	78	7	8	1	2
	691	255	7	12	2	2
	692	211	7	10	2	1
	693	291	7	10	3	2
	694	193	7	12	3	1
	695	2	7	12	1	2
	696	315	7	8	1	2
	697	148	7	10	2	2
	698	179	7	8	2	2
	699	300	7	12	2	1
	700	246	7	8	3	1
	701	148	7	12	3	2
	702	271	7	11	2	2
	703	160	7	10	2	2
	704	271	7	12	2	2
	705	224	7	10	1	3
	706	218	7	8	2	2
	707	26	7	12	1	3
	708	197	7	9	3	1
	709	272	7	8	3	2
	710	205	7	12	2	1
	711	269	7	12	1	3
	712	288	7	12	3	2
	713	190	7	11	3	1
	714	188	7	10	2	1
	715	60	7	10	1	1
	716	313	7	8	1	1
	717	132	7	11	2	1
	718	226	7	12	2	1
	719	163	7	9	3	1
	720	45	7	10	2	2
	721	59	7	9	2	1
	722	211	7	8	1	1
	723	202	7	11	2	1
	724	124	7	11	1	1
	725	25	7	10	3	1
	726	87	7	10	3	2
	727	53	7	11	1	2
	728	30	7	9	3	2
	729	209	7	10	2	1
	730	297	7	9	2	2
	731	289	7	9	1	1
	732	26	7	12	3	2
	733	126	7	10	3	1
	734	205	7	10	2	2
	735	236	7	10	3	1
	736	303	7	12	1	3
	737	144	7	12	3	1
	738	145	7	11	3	1
	739	48	7	10	1	3
	740	286	7	10	2	1
	741	124	7	10	2	1
	742	241	7	11	3	1
	743	258	7	11	1	1
	744	116	7	9	2	1
	745	31	7	9	2	1
	746	324	7	11	1	2
	747	129	7	10	2	2
	748	231	7	12	3	1
	749	92	7	12	2	2
	750	150	7	11	3	2
	751	232	7	11	1	1
	752	159	7	8	2	1
	753	164	7	10	1	2
	754	125	7	8	1	3
	755	256	7	12	2	1
	756	220	8	12	1	2
	757	146	8	11	3	2
	758	315	8	12	3	2
	759	185	8	11	1	1
	760	196	8	11	3	2
	761	175	8	10	2	1
	762	256	8	13	3	2
	763	23	8	9	3	2
	764	79	8	12	1	1
	765	271	8	12	2	1
	766	183	8	9	2	1
	767	216	8	9	1	1
	768	197	8	11	1	3
	769	91	8	11	1	2
	770	193	8	10	3	1
	771	162	8	10	2	2
	772	43	8	11	3	2
	773	195	8	11	1	2
	774	213	8	10	2	1
	775	19	8	13	1	2
	776	226	8	13	3	1
	777	73	8	11	3	2
	778	315	8	10	1	3
	779	179	8	12	2	2
	780	320	8	10	2	2
	781	211	8	12	1	2
	782	304	8	9	1	2
	783	210	8	10	1	1
	784	23	8	9	2	1
	785	133	8	11	2	1
	786	9	8	9	2	2
	787	63	8	13	3	1
	788	68	8	11	3	1
	789	295	8	13	1	2
	790	33	8	10	3	2
	791	126	8	9	3	2
	792	299	8	10	1	2
	793	12	8	13	3	2
	794	135	8	10	1	3
	795	289	8	9	1	1
	796	251	8	12	3	2
	797	282	8	9	2	1
	798	50	8	11	3	2
	799	262	8	10	3	2
	800	200	8	10	3	2
	801	139	8	9	3	1
	802	161	8	10	1	3
	803	17	8	9	3	2
	804	236	8	11	3	1
	805	246	8	13	2	2
	806	68	8	9	1	1
	807	110	8	13	1	3
	808	226	8	10	3	2
	809	224	8	12	1	3
	810	286	8	11	3	1
	811	16	8	9	3	2
	812	156	8	13	2	1
	813	316	8	10	1	2
	814	159	8	10	3	2
	815	313	8	10	3	1
	816	118	8	9	2	1
	817	280	8	11	2	2
	818	23	8	11	3	2
	819	50	8	10	1	1
	820	8	8	10	1	3
	821	39	8	9	3	2
	822	137	8	11	3	2
	823	22	8	13	3	2
	824	74	8	13	3	2
	825	166	8	11	3	1
	826	176	8	9	2	1
	827	163	8	9	2	2
	828	301	8	9	2	1
	829	216	8	11	1	1
	830	72	8	13	3	1
	831	120	8	10	2	2
	832	315	8	9	1	3
	833	80	8	12	3	1
	834	246	8	12	2	2
	835	286	8	10	2	2
	836	78	8	11	2	1
	837	219	8	13	2	2
	838	101	8	11	3	1
	839	161	8	11	3	2
	840	42	8	13	3	2
	841	322	8	11	2	2
	842	211	8	10	2	1
	843	37	8	11	3	1
	844	147	8	10	2	1
	845	43	8	12	2	1
	846	11	8	12	3	1
	847	223	8	10	3	2
	848	312	8	12	3	2
	849	103	8	9	1	1
	850	280	8	13	1	1
	851	307	8	12	3	1
	852	274	8	13	1	3
	853	189	8	12	2	1
	854	122	8	10	2	2
	855	312	8	9	2	1
	856	97	8	10	3	2
	857	245	8	12	3	1
	858	117	8	10	1	2
	859	157	8	9	3	1
	860	256	8	10	2	1
	861	184	8	13	3	2
	862	33	8	13	3	2
	863	246	8	11	2	2
	864	298	8	12	2	2
	865	307	8	10	1	1
	866	315	8	11	3	2
	867	106	8	9	1	2
	868	120	9	11	1	1
	869	216	9	12	3	1
	870	224	9	12	1	2
	871	82	9	14	3	2
	872	21	9	11	1	1
	873	240	9	10	3	1
	874	207	9	11	1	1
	875	298	9	12	2	1
	876	226	9	11	1	1
	877	112	9	11	3	1
	878	126	9	13	1	3
	879	231	9	13	1	2
	880	23	9	11	1	2
	881	176	9	11	2	2
	882	286	9	10	2	2
	883	7	9	11	1	3
	884	108	9	13	3	2
	885	129	9	13	3	1
	886	129	9	12	2	1
	887	182	9	10	3	1
	888	31	9	11	2	2
	889	311	9	14	1	2
	890	301	9	11	1	2
	891	60	9	14	1	3
	892	65	9	11	1	1
	893	212	9	10	3	1
	894	188	9	10	1	1
	895	17	9	11	1	1
	896	202	9	13	1	1
	897	79	9	11	3	2
	898	36	9	13	1	3
	899	101	9	10	1	3
	900	296	9	12	1	2
	901	56	9	12	2	2
	902	135	9	12	3	2
	903	5	9	11	1	1
	904	230	9	13	1	2
	905	202	9	14	3	2
	906	282	9	13	3	1
	907	174	9	13	1	3
	908	152	9	11	2	2
	909	213	9	14	1	1
	910	147	9	12	1	3
	911	39	9	13	3	2
	912	214	9	12	2	1
	913	197	9	10	2	2
	914	231	9	10	2	1
	915	94	9	12	2	1
	916	28	9	11	1	1
	917	154	9	12	1	3
	918	202	9	13	3	1
	919	30	9	13	2	2
	920	41	9	11	1	1
	921	91	9	14	1	2
	922	121	9	12	1	3
	923	217	9	13	2	2
	924	42	9	13	3	2
	925	23	9	11	3	2
	926	57	9	14	1	1
	927	169	9	11	1	3
	928	37	9	14	1	1
	929	69	9	14	1	3
	930	322	9	14	2	1
	931	126	9	10	1	3
	932	166	9	13	2	1
	933	223	9	12	2	1
	934	131	9	11	3	1
	935	95	9	14	3	2
	936	195	9	13	1	1
	937	60	9	12	2	1
	938	253	9	14	2	1
	939	130	9	12	1	1
	940	161	9	12	1	2
	941	299	9	14	3	1
	942	48	9	11	2	2
	943	134	9	12	2	1
	944	68	9	14	2	2
	945	321	9	12	3	2
	946	49	9	12	2	1
	947	187	9	12	1	2
	948	287	9	10	3	1
	949	316	9	11	1	1
	950	93	9	13	2	2
	951	144	9	11	1	2
	952	49	9	13	2	2
	953	292	9	13	3	1
	954	206	9	12	2	1
	955	178	9	14	2	1
	956	104	9	12	1	3
	957	271	9	14	2	2
	958	101	9	12	3	2
	959	4	9	12	2	1
	960	42	9	10	3	2
	961	48	9	10	1	3
	962	149	9	14	1	3
	963	207	9	14	3	1
	964	183	9	11	3	2
	965	8	9	13	2	1
	966	68	9	12	1	1
	967	277	9	12	1	3
	968	116	9	13	2	2
	969	131	9	13	3	2
	970	119	9	11	2	1
	971	168	9	10	3	1
	972	158	9	10	2	2
	973	6	9	14	1	3
	974	84	9	10	2	1
	975	90	9	13	1	3

TECHNICIANS = 1000
1	157	805	9	1	1	1	
2	282	310	10	1	1	1	
3	150	440	8	0	1	1	
4	327	155	9	1	1	1	
5	105	340	8	0	1	1	
6	1	645	8	1	0	1	
7	58	765	9	0	1	1	
8	321	295	6	0	1	0	
9	7	840	9	1	0	0	
10	328	325	5	1	0	0	
11	78	855	9	0	1	0	
12	37	180	10	1	0	0	
13	184	270	10	1	1	1	
14	252	685	7	0	1	1	
15	79	915	5	0	0	1	
16	297	125	7	1	0	1	
17	176	760	5	1	1	1	
18	62	615	9	1	1	1	
19	1	510	9	0	1	1	
20	144	695	7	0	1	1	
21	83	255	6	1	1	1	
22	261	255	5	0	0	1	
23	329	850	7	1	0	1	
24	217	660	8	0	1	1	
25	330	425	5	1	0	0	
26	176	760	5	1	1	1	
27	176	760	5	1	1	1	
28	252	685	7	0	1	1	
29	62	615	9	1	1	1	
30	58	765	9	0	1	1	
31	1	510	9	0	1	1	
32	282	310	10	1	1	1	
33	176	760	5	1	1	1	
34	176	760	5	1	1	1	
35	217	660	8	0	1	1	
36	62	615	9	1	1	1	
37	217	660	8	0	1	1	
38	217	660	8	0	1	1	
39	252	685	7	0	1	1	
40	176	760	5	1	1	1	
41	62	615	9	1	1	1	
42	252	685	7	0	1	1	
43	62	615	9	1	1	1	
44	157	805	9	1	1	1	
45	157	805	9	1	1	1	
46	176	760	5	1	1	1	
47	79	915	5	0	0	1	
48	176	760	5	1	1	1	
49	329	850	7	1	0	1	
50	176	760	5	1	1	1	
51	328	325	5	1	0	0	
52	150	440	8	0	1	1	
53	157	805	9	1	1	1	
54	79	915	5	0	0	1	
55	1	510	9	0	1	1	
56	176	760	5	1	1	1	
57	157	805	9	1	1	1	
58	58	765	9	0	1	1	
59	157	805	9	1	1	1	
60	7	840	9	1	0	0	
61	176	760	5	1	1	1	
62	329	850	7	1	0	1	
63	217	660	8	0	1	1	
64	176	760	5	1	1	1	
65	157	805	9	1	1	1	
66	176	760	5	1	1	1	
67	83	255	6	1	1	1	
68	329	850	7	1	0	1	
69	62	615	9	1	1	1	
70	176	760	5	1	1	1	
71	329	850	7	1	0	1	
72	62	615	9	1	1	1	
73	329	850	7	1	0	1	
74	252	685	7	0	1	1	
75	176	760	5	1	1	1	
76	329	850	7	1	0	1	
77	157	805	9	1	1	1	
78	58	765	9	0	1	1	
79	252	685	7	0	1	1	
80	176	760	5	1	1	1	
81	62	615	9	1	1	1	
82	150	440	8	0	1	1	
83	150	440	8	0	1	1	
84	62	615	9	1	1	1	
85	176	760	5	1	1	1	
86	329	850	7	1	0	1	
87	217	660	8	0	1	1	
88	282	310	10	1	1	1	
89	329	850	7	1	0	1	
90	329	850	7	1	0	1	
91	150	440	8	0	1	1	
92	329	850	7	1	0	1	
93	157	805	9	1	1	1	
94	252	685	7	0	1	1	
95	62	615	9	1	1	1	
96	176	760	5	1	1	1	
97	176	760	5	1	1	1	
98	62	615	9	1	1	1	
99	252	685	7	0	1	1	
100	176	760	5	1	1	1	
101	176	760	5	1	1	1	
102	62	615	9	1	1	1	
103	83	255	6	1	1	1	
104	58	765	9	0	1	1	
105	62	615	9	1	1	1	
106	62	615	9	1	1	1	
107	176	760	5	1	1	1	
108	62	615	9	1	1	1	
109	62	615	9	1	1	1	
110	329	850	7	1	0	1	
111	157	805	9	1	1	1	
112	1	645	8	1	0	1	
113	329	850	7	1	0	1	
114	282	310	10	1	1	1	
115	150	440	8	0	1	1	
116	176	760	5	1	1	1	
117	58	765	9	0	1	1	
118	62	615	9	1	1	1	
119	329	850	7	1	0	1	
120	157	805	9	1	1	1	
121	157	805	9	1	1	1	
122	176	760	5	1	1	1	
123	329	850	7	1	0	1	
124	329	850	7	1	0	1	
125	144	695	7	0	1	1	
126	58	765	9	0	1	1	
127	329	850	7	1	0	1	
128	329	850	7	1	0	1	
129	83	255	6	1	1	1	
130	329	850	7	1	0	1	
131	58	765	9	0	1	1	
132	329	850	7	1	0	1	
133	329	850	7	1	0	1	
134	176	760	5	1	1	1	
135	157	805	9	1	1	1	
136	157	805	9	1	1	1	
137	157	805	9	1	1	1	
138	83	255	6	1	1	1	
139	58	765	9	0	1	1	
140	157	805	9	1	1	1	
141	157	805	9	1	1	1	
142	62	615	9	1	1	1	
143	252	685	7	0	1	1	
144	328	325	5	1	0	0	
145	62	615	9	1	1	1	
146	79	915	5	0	0	1	
147	157	805	9	1	1	1	
148	62	615	9	1	1	1	
149	62	615	9	1	1	1	
150	62	615	9	1	1	1	
151	329	850	7	1	0	1	
152	329	850	7	1	0	1	
153	217	660	8	0	1	1	
154	176	760	5	1	1	1	
155	62	615	9	1	1	1	
156	176	760	5	1	1	1	
157	157	805	9	1	1	1	
158	176	760	5	1	1	1	
159	252	685	7	0	1	1	
160	62	615	9	1	1	1	
161	329	850	7	1	0	1	
162	150	440	8	0	1	1	
163	329	850	7	1	0	1	
164	58	765	9	0	1	1	
165	157	805	9	1	1	1	
166	157	805	9	1	1	1	
167	252	685	7	0	1	1	
168	176	760	5	1	1	1	
169	329	850	7	1	0	1	
170	329	850	7	1	0	1	
171	176	760	5	1	1	1	
172	329	850	7	1	0	1	
173	327	155	9	1	1	1	
174	176	760	5	1	1	1	
175	176	760	5	1	1	1	
176	83	255	6	1	1	1	
177	217	660	8	0	1	1	
178	329	850	7	1	0	1	
179	83	255	6	1	1	1	
180	157	805	9	1	1	1	
181	62	615	9	1	1	1	
182	252	685	7	0	1	1	
183	329	850	7	1	0	1	
184	176	760	5	1	1	1	
185	83	255	6	1	1	1	
186	252	685	7	0	1	1	
187	176	760	5	1	1	1	
188	62	615	9	1	1	1	
189	176	760	5	1	1	1	
190	329	850	7	1	0	1	
191	79	915	5	0	0	1	
192	329	850	7	1	0	1	
193	176	760	5	1	1	1	
194	217	660	8	0	1	1	
195	329	850	7	1	0	1	
196	176	760	5	1	1	1	
197	176	760	5	1	1	1	
198	329	850	7	1	0	1	
199	83	255	6	1	1	1	
200	329	850	7	1	0	1	
201	252	685	7	0	1	1	
202	176	760	5	1	1	1	
203	184	270	10	1	1	1	
204	62	615	9	1	1	1	
205	62	615	9	1	1	1	
206	329	850	7	1	0	1	
207	62	615	9	1	1	1	
208	62	615	9	1	1	1	
209	217	660	8	0	1	1	
210	62	615	9	1	1	1	
211	58	765	9	0	1	1	
212	176	760	5	1	1	1	
213	329	850	7	1	0	1	
214	157	805	9	1	1	1	
215	62	615	9	1	1	1	
216	150	440	8	0	1	1	
217	176	760	5	1	1	1	
218	176	760	5	1	1	1	
219	176	760	5	1	1	1	
220	62	615	9	1	1	1	
221	150	440	8	0	1	1	
222	150	440	8	0	1	1	
223	176	760	5	1	1	1	
224	157	805	9	1	1	1	
225	176	760	5	1	1	1	
226	157	805	9	1	1	1	
227	157	805	9	1	1	1	
228	157	805	9	1	1	1	
229	62	615	9	1	1	1	
230	176	760	5	1	1	1	
231	176	760	5	1	1	1	
232	176	760	5	1	1	1	
233	157	805	9	1	1	1	
234	157	805	9	1	1	1	
235	1	510	9	0	1	1	
236	176	760	5	1	1	1	
237	329	850	7	1	0	1	
238	1	510	9	0	1	1	
239	79	915	5	0	0	1	
240	62	615	9	1	1	1	
241	176	760	5	1	1	1	
242	176	760	5	1	1	1	
243	329	850	7	1	0	1	
244	176	760	5	1	1	1	
245	157	805	9	1	1	1	
246	144	695	7	0	1	1	
247	329	850	7	1	0	1	
248	83	255	6	1	1	1	
249	157	805	9	1	1	1	
250	157	805	9	1	1	1	
251	62	615	9	1	1	1	
252	58	765	9	0	1	1	
253	83	255	6	1	1	1	
254	217	660	8	0	1	1	
255	62	615	9	1	1	1	
256	83	255	6	1	1	1	
257	176	760	5	1	1	1	
258	62	615	9	1	1	1	
259	329	850	7	1	0	1	
260	217	660	8	0	1	1	
261	58	765	9	0	1	1	
262	62	615	9	1	1	1	
263	58	765	9	0	1	1	
264	58	765	9	0	1	1	
265	217	660	8	0	1	1	
266	329	850	7	1	0	1	
267	62	615	9	1	1	1	
268	329	850	7	1	0	1	
269	157	805	9	1	1	1	
270	176	760	5	1	1	1	
271	62	615	9	1	1	1	
272	217	660	8	0	1	1	
273	157	805	9	1	1	1	
274	62	615	9	1	1	1	
275	62	615	9	1	1	1	
276	176	760	5	1	1	1	
277	176	760	5	1	1	1	
278	157	805	9	1	1	1	
279	176	760	5	1	1	1	
280	217	660	8	0	1	1	
281	157	805	9	1	1	1	
282	62	615	9	1	1	1	
283	252	685	7	0	1	1	
284	62	615	9	1	1	1	
285	62	615	9	1	1	1	
286	176	760	5	1	1	1	
287	58	765	9	0	1	1	
288	62	615	9	1	1	1	
289	217	660	8	0	1	1	
290	176	760	5	1	1	1	
291	176	760	5	1	1	1	
292	176	760	5	1	1	1	
293	176	760	5	1	1	1	
294	62	615	9	1	1	1	
295	329	850	7	1	0	1	
296	176	760	5	1	1	1	
297	176	760	5	1	1	1	
298	150	440	8	0	1	1	
299	176	760	5	1	1	1	
300	329	850	7	1	0	1	
301	83	255	6	1	1	1	
302	176	760	5	1	1	1	
303	329	850	7	1	0	1	
304	329	850	7	1	0	1	
305	329	850	7	1	0	1	
306	176	760	5	1	1	1	
307	329	850	7	1	0	1	
308	83	255	6	1	1	1	
309	150	440	8	0	1	1	
310	62	615	9	1	1	1	
311	217	660	8	0	1	1	
312	176	760	5	1	1	1	
313	176	760	5	1	1	1	
314	157	805	9	1	1	1	
315	329	850	7	1	0	1	
316	150	440	8	0	1	1	
317	176	760	5	1	1	1	
318	62	615	9	1	1	1	
319	329	850	7	1	0	1	
320	157	805	9	1	1	1	
321	176	760	5	1	1	1	
322	1	510	9	0	1	1	
323	329	850	7	1	0	1	
324	329	850	7	1	0	1	
325	329	850	7	1	0	1	
326	157	805	9	1	1	1	
327	330	425	5	1	0	0	
328	176	760	5	1	1	1	
329	176	760	5	1	1	1	
330	176	760	5	1	1	1	
331	329	850	7	1	0	1	
332	176	760	5	1	1	1	
333	329	850	7	1	0	1	
334	217	660	8	0	1	1	
335	62	615	9	1	1	1	
336	157	805	9	1	1	1	
337	176	760	5	1	1	1	
338	176	760	5	1	1	1	
339	176	760	5	1	1	1	
340	176	760	5	1	1	1	
341	62	615	9	1	1	1	
342	176	760	5	1	1	1	
343	176	760	5	1	1	1	
344	62	615	9	1	1	1	
345	217	660	8	0	1	1	
346	157	805	9	1	1	1	
347	176	760	5	1	1	1	
348	329	850	7	1	0	1	
349	83	255	6	1	1	1	
350	157	805	9	1	1	1	
351	282	310	10	1	1	1	
352	157	805	9	1	1	1	
353	282	310	10	1	1	1	
354	62	615	9	1	1	1	
355	176	760	5	1	1	1	
356	157	805	9	1	1	1	
357	329	850	7	1	0	1	
358	176	760	5	1	1	1	
359	329	850	7	1	0	1	
360	176	760	5	1	1	1	
361	252	685	7	0	1	1	
362	176	760	5	1	1	1	
363	217	660	8	0	1	1	
364	329	850	7	1	0	1	
365	62	615	9	1	1	1	
366	176	760	5	1	1	1	
367	62	615	9	1	1	1	
368	157	805	9	1	1	1	
369	176	760	5	1	1	1	
370	157	805	9	1	1	1	
371	150	440	8	0	1	1	
372	62	615	9	1	1	1	
373	176	760	5	1	1	1	
374	176	760	5	1	1	1	
375	58	765	9	0	1	1	
376	176	760	5	1	1	1	
377	62	615	9	1	1	1	
378	157	805	9	1	1	1	
379	62	615	9	1	1	1	
380	252	685	7	0	1	1	
381	157	805	9	1	1	1	
382	329	850	7	1	0	1	
383	176	760	5	1	1	1	
384	7	840	9	1	0	0	
385	176	760	5	1	1	1	
386	58	765	9	0	1	1	
387	157	805	9	1	1	1	
388	62	615	9	1	1	1	
389	217	660	8	0	1	1	
390	157	805	9	1	1	1	
391	282	310	10	1	1	1	
392	83	255	6	1	1	1	
393	58	765	9	0	1	1	
394	157	805	9	1	1	1	
395	217	660	8	0	1	1	
396	329	850	7	1	0	1	
397	176	760	5	1	1	1	
398	176	760	5	1	1	1	
399	252	685	7	0	1	1	
400	252	685	7	0	1	1	
401	252	685	7	0	1	1	
402	62	615	9	1	1	1	
403	58	765	9	0	1	1	
404	329	850	7	1	0	1	
405	329	850	7	1	0	1	
406	58	765	9	0	1	1	
407	329	850	7	1	0	1	
408	176	760	5	1	1	1	
409	157	805	9	1	1	1	
410	157	805	9	1	1	1	
411	157	805	9	1	1	1	
412	329	850	7	1	0	1	
413	329	850	7	1	0	1	
414	58	765	9	0	1	1	
415	329	850	7	1	0	1	
416	176	760	5	1	1	1	
417	62	615	9	1	1	1	
418	176	760	5	1	1	1	
419	157	805	9	1	1	1	
420	252	685	7	0	1	1	
421	217	660	8	0	1	1	
422	217	660	8	0	1	1	
423	176	760	5	1	1	1	
424	329	850	7	1	0	1	
425	157	805	9	1	1	1	
426	329	850	7	1	0	1	
427	176	760	5	1	1	1	
428	329	850	7	1	0	1	
429	62	615	9	1	1	1	
430	176	760	5	1	1	1	
431	176	760	5	1	1	1	
432	176	760	5	1	1	1	
433	83	255	6	1	1	1	
434	62	615	9	1	1	1	
435	58	765	9	0	1	1	
436	176	760	5	1	1	1	
437	62	615	9	1	1	1	
438	157	805	9	1	1	1	
439	252	685	7	0	1	1	
440	157	805	9	1	1	1	
441	157	805	9	1	1	1	
442	7	840	9	1	0	0	
443	157	805	9	1	1	1	
444	329	850	7	1	0	1	
445	329	850	7	1	0	1	
446	176	760	5	1	1	1	
447	62	615	9	1	1	1	
448	282	310	10	1	1	1	
449	329	850	7	1	0	1	
450	157	805	9	1	1	1	
451	62	615	9	1	1	1	
452	252	685	7	0	1	1	
453	157	805	9	1	1	1	
454	329	850	7	1	0	1	
455	329	850	7	1	0	1	
456	176	760	5	1	1	1	
457	217	660	8	0	1	1	
458	329	850	7	1	0	1	
459	62	615	9	1	1	1	
460	176	760	5	1	1	1	
461	157	805	9	1	1	1	
462	176	760	5	1	1	1	
463	176	760	5	1	1	1	
464	252	685	7	0	1	1	
465	176	760	5	1	1	1	
466	157	805	9	1	1	1	
467	176	760	5	1	1	1	
468	252	685	7	0	1	1	
469	58	765	9	0	1	1	
470	176	760	5	1	1	1	
471	329	850	7	1	0	1	
472	176	760	5	1	1	1	
473	62	615	9	1	1	1	
474	157	805	9	1	1	1	
475	157	805	9	1	1	1	
476	58	765	9	0	1	1	
477	62	615	9	1	1	1	
478	217	660	8	0	1	1	
479	329	850	7	1	0	1	
480	282	310	10	1	1	1	
481	157	805	9	1	1	1	
482	62	615	9	1	1	1	
483	157	805	9	1	1	1	
484	62	615	9	1	1	1	
485	252	685	7	0	1	1	
486	329	850	7	1	0	1	
487	62	615	9	1	1	1	
488	157	805	9	1	1	1	
489	329	850	7	1	0	1	
490	176	760	5	1	1	1	
491	176	760	5	1	1	1	
492	176	760	5	1	1	1	
493	62	615	9	1	1	1	
494	157	805	9	1	1	1	
495	157	805	9	1	1	1	
496	157	805	9	1	1	1	
497	176	760	5	1	1	1	
498	62	615	9	1	1	1	
499	252	685	7	0	1	1	
500	252	685	7	0	1	1	
501	176	760	5	1	1	1	
502	329	850	7	1	0	1	
503	329	850	7	1	0	1	
504	329	850	7	1	0	1	
505	176	760	5	1	1	1	
506	62	615	9	1	1	1	
507	157	805	9	1	1	1	
508	157	805	9	1	1	1	
509	176	760	5	1	1	1	
510	252	685	7	0	1	1	
511	329	850	7	1	0	1	
512	282	310	10	1	1	1	
513	62	615	9	1	1	1	
514	329	850	7	1	0	1	
515	62	615	9	1	1	1	
516	150	440	8	0	1	1	
517	282	310	10	1	1	1	
518	157	805	9	1	1	1	
519	62	615	9	1	1	1	
520	329	850	7	1	0	1	
521	176	760	5	1	1	1	
522	62	615	9	1	1	1	
523	62	615	9	1	1	1	
524	329	850	7	1	0	1	
525	62	615	9	1	1	1	
526	252	685	7	0	1	1	
527	62	615	9	1	1	1	
528	176	760	5	1	1	1	
529	217	660	8	0	1	1	
530	58	765	9	0	1	1	
531	157	805	9	1	1	1	
532	282	310	10	1	1	1	
533	83	255	6	1	1	1	
534	329	850	7	1	0	1	
535	62	615	9	1	1	1	
536	157	805	9	1	1	1	
537	157	805	9	1	1	1	
538	62	615	9	1	1	1	
539	62	615	9	1	1	1	
540	217	660	8	0	1	1	
541	176	760	5	1	1	1	
542	329	850	7	1	0	1	
543	217	660	8	0	1	1	
544	1	510	9	0	1	1	
545	144	695	7	0	1	1	
546	157	805	9	1	1	1	
547	282	310	10	1	1	1	
548	252	685	7	0	1	1	
549	329	850	7	1	0	1	
550	329	850	7	1	0	1	
551	144	695	7	0	1	1	
552	157	805	9	1	1	1	
553	217	660	8	0	1	1	
554	58	765	9	0	1	1	
555	329	850	7	1	0	1	
556	217	660	8	0	1	1	
557	157	805	9	1	1	1	
558	62	615	9	1	1	1	
559	144	695	7	0	1	1	
560	7	840	9	1	0	0	
561	157	805	9	1	1	1	
562	157	805	9	1	1	1	
563	157	805	9	1	1	1	
564	62	615	9	1	1	1	
565	62	615	9	1	1	1	
566	157	805	9	1	1	1	
567	157	805	9	1	1	1	
568	329	850	7	1	0	1	
569	329	850	7	1	0	1	
570	83	255	6	1	1	1	
571	176	760	5	1	1	1	
572	329	850	7	1	0	1	
573	176	760	5	1	1	1	
574	157	805	9	1	1	1	
575	176	760	5	1	1	1	
576	176	760	5	1	1	1	
577	217	660	8	0	1	1	
578	329	850	7	1	0	1	
579	157	805	9	1	1	1	
580	62	615	9	1	1	1	
581	176	760	5	1	1	1	
582	176	760	5	1	1	1	
583	329	850	7	1	0	1	
584	150	440	8	0	1	1	
585	217	660	8	0	1	1	
586	329	850	7	1	0	1	
587	217	660	8	0	1	1	
588	83	255	6	1	1	1	
589	176	760	5	1	1	1	
590	62	615	9	1	1	1	
591	62	615	9	1	1	1	
592	329	850	7	1	0	1	
593	176	760	5	1	1	1	
594	83	255	6	1	1	1	
595	329	850	7	1	0	1	
596	62	615	9	1	1	1	
597	157	805	9	1	1	1	
598	157	805	9	1	1	1	
599	157	805	9	1	1	1	
600	176	760	5	1	1	1	
601	252	685	7	0	1	1	
602	176	760	5	1	1	1	
603	62	615	9	1	1	1	
604	176	760	5	1	1	1	
605	62	615	9	1	1	1	
606	252	685	7	0	1	1	
607	329	850	7	1	0	1	
608	329	850	7	1	0	1	
609	62	615	9	1	1	1	
610	62	615	9	1	1	1	
611	329	850	7	1	0	1	
612	62	615	9	1	1	1	
613	176	760	5	1	1	1	
614	329	850	7	1	0	1	
615	176	760	5	1	1	1	
616	252	685	7	0	1	1	
617	176	760	5	1	1	1	
618	217	660	8	0	1	1	
619	62	615	9	1	1	1	
620	62	615	9	1	1	1	
621	184	270	10	1	1	1	
622	176	760	5	1	1	1	
623	62	615	9	1	1	1	
624	217	660	8	0	1	1	
625	157	805	9	1	1	1	
626	252	685	7	0	1	1	
627	62	615	9	1	1	1	
628	157	805	9	1	1	1	
629	157	805	9	1	1	1	
630	176	760	5	1	1	1	
631	157	805	9	1	1	1	
632	157	805	9	1	1	1	
633	157	805	9	1	1	1	
634	329	850	7	1	0	1	
635	217	660	8	0	1	1	
636	329	850	7	1	0	1	
637	329	850	7	1	0	1	
638	252	685	7	0	1	1	
639	62	615	9	1	1	1	
640	176	760	5	1	1	1	
641	217	660	8	0	1	1	
642	62	615	9	1	1	1	
643	58	765	9	0	1	1	
644	217	660	8	0	1	1	
645	217	660	8	0	1	1	
646	328	325	5	1	0	0	
647	1	510	9	0	1	1	
648	58	765	9	0	1	1	
649	157	805	9	1	1	1	
650	157	805	9	1	1	1	
651	157	805	9	1	1	1	
652	329	850	7	1	0	1	
653	62	615	9	1	1	1	
654	176	760	5	1	1	1	
655	252	685	7	0	1	1	
656	217	660	8	0	1	1	
657	62	615	9	1	1	1	
658	176	760	5	1	1	1	
659	157	805	9	1	1	1	
660	157	805	9	1	1	1	
661	157	805	9	1	1	1	
662	252	685	7	0	1	1	
663	62	615	9	1	1	1	
664	217	660	8	0	1	1	
665	176	760	5	1	1	1	
666	157	805	9	1	1	1	
667	282	310	10	1	1	1	
668	176	760	5	1	1	1	
669	62	615	9	1	1	1	
670	62	615	9	1	1	1	
671	176	760	5	1	1	1	
672	252	685	7	0	1	1	
673	157	805	9	1	1	1	
674	62	615	9	1	1	1	
675	58	765	9	0	1	1	
676	62	615	9	1	1	1	
677	282	310	10	1	1	1	
678	176	760	5	1	1	1	
679	157	805	9	1	1	1	
680	150	440	8	0	1	1	
681	329	850	7	1	0	1	
682	176	760	5	1	1	1	
683	282	310	10	1	1	1	
684	62	615	9	1	1	1	
685	176	760	5	1	1	1	
686	329	850	7	1	0	1	
687	329	850	7	1	0	1	
688	62	615	9	1	1	1	
689	157	805	9	1	1	1	
690	176	760	5	1	1	1	
691	144	695	7	0	1	1	
692	176	760	5	1	1	1	
693	217	660	8	0	1	1	
694	252	685	7	0	1	1	
695	329	850	7	1	0	1	
696	157	805	9	1	1	1	
697	83	255	6	1	1	1	
698	329	850	7	1	0	1	
699	157	805	9	1	1	1	
700	176	760	5	1	1	1	
701	252	685	7	0	1	1	
702	83	255	6	1	1	1	
703	150	440	8	0	1	1	
704	329	850	7	1	0	1	
705	157	805	9	1	1	1	
706	157	805	9	1	1	1	
707	176	760	5	1	1	1	
708	329	850	7	1	0	1	
709	176	760	5	1	1	1	
710	144	695	7	0	1	1	
711	157	805	9	1	1	1	
712	252	685	7	0	1	1	
713	329	850	7	1	0	1	
714	157	805	9	1	1	1	
715	157	805	9	1	1	1	
716	58	765	9	0	1	1	
717	217	660	8	0	1	1	
718	176	760	5	1	1	1	
719	176	760	5	1	1	1	
720	329	850	7	1	0	1	
721	176	760	5	1	1	1	
722	62	615	9	1	1	1	
723	252	685	7	0	1	1	
724	83	255	6	1	1	1	
725	176	760	5	1	1	1	
726	176	760	5	1	1	1	
727	176	760	5	1	1	1	
728	62	615	9	1	1	1	
729	62	615	9	1	1	1	
730	329	850	7	1	0	1	
731	157	805	9	1	1	1	
732	282	310	10	1	1	1	
733	157	805	9	1	1	1	
734	157	805	9	1	1	1	
735	176	760	5	1	1	1	
736	176	760	5	1	1	1	
737	252	685	7	0	1	1	
738	58	765	9	0	1	1	
739	62	615	9	1	1	1	
740	176	760	5	1	1	1	
741	176	760	5	1	1	1	
742	157	805	9	1	1	1	
743	176	760	5	1	1	1	
744	176	760	5	1	1	1	
745	282	310	10	1	1	1	
746	62	615	9	1	1	1	
747	329	850	7	1	0	1	
748	176	760	5	1	1	1	
749	176	760	5	1	1	1	
750	176	760	5	1	1	1	
751	176	760	5	1	1	1	
752	329	850	7	1	0	1	
753	62	615	9	1	1	1	
754	62	615	9	1	1	1	
755	176	760	5	1	1	1	
756	62	615	9	1	1	1	
757	157	805	9	1	1	1	
758	176	760	5	1	1	1	
759	157	805	9	1	1	1	
760	157	805	9	1	1	1	
761	329	850	7	1	0	1	
762	58	765	9	0	1	1	
763	176	760	5	1	1	1	
764	62	615	9	1	1	1	
765	83	255	6	1	1	1	
766	62	615	9	1	1	1	
767	329	850	7	1	0	1	
768	329	850	7	1	0	1	
769	157	805	9	1	1	1	
770	62	615	9	1	1	1	
771	176	760	5	1	1	1	
772	157	805	9	1	1	1	
773	157	805	9	1	1	1	
774	144	695	7	0	1	1	
775	282	310	10	1	1	1	
776	62	615	9	1	1	1	
777	58	765	9	0	1	1	
778	157	805	9	1	1	1	
779	62	615	9	1	1	1	
780	150	440	8	0	1	1	
781	329	850	7	1	0	1	
782	157	805	9	1	1	1	
783	176	760	5	1	1	1	
784	176	760	5	1	1	1	
785	176	760	5	1	1	1	
786	58	765	9	0	1	1	
787	176	760	5	1	1	1	
788	329	850	7	1	0	1	
789	62	615	9	1	1	1	
790	176	760	5	1	1	1	
791	217	660	8	0	1	1	
792	157	805	9	1	1	1	
793	329	850	7	1	0	1	
794	329	850	7	1	0	1	
795	176	760	5	1	1	1	
796	144	695	7	0	1	1	
797	329	850	7	1	0	1	
798	176	760	5	1	1	1	
799	176	760	5	1	1	1	
800	329	850	7	1	0	1	
801	252	685	7	0	1	1	
802	79	915	5	0	0	1	
803	62	615	9	1	1	1	
804	62	615	9	1	1	1	
805	176	760	5	1	1	1	
806	176	760	5	1	1	1	
807	329	850	7	1	0	1	
808	157	805	9	1	1	1	
809	217	660	8	0	1	1	
810	217	660	8	0	1	1	
811	217	660	8	0	1	1	
812	252	685	7	0	1	1	
813	176	760	5	1	1	1	
814	157	805	9	1	1	1	
815	329	850	7	1	0	1	
816	62	615	9	1	1	1	
817	176	760	5	1	1	1	
818	157	805	9	1	1	1	
819	157	805	9	1	1	1	
820	62	615	9	1	1	1	
821	157	805	9	1	1	1	
822	150	440	8	0	1	1	
823	329	850	7	1	0	1	
824	157	805	9	1	1	1	
825	176	760	5	1	1	1	
826	62	615	9	1	1	1	
827	157	805	9	1	1	1	
828	329	850	7	1	0	1	
829	157	805	9	1	1	1	
830	176	760	5	1	1	1	
831	157	805	9	1	1	1	
832	176	760	5	1	1	1	
833	144	695	7	0	1	1	
834	157	805	9	1	1	1	
835	62	615	9	1	1	1	
836	157	805	9	1	1	1	
837	252	685	7	0	1	1	
838	329	850	7	1	0	1	
839	157	805	9	1	1	1	
840	157	805	9	1	1	1	
841	176	760	5	1	1	1	
842	176	760	5	1	1	1	
843	58	765	9	0	1	1	
844	62	615	9	1	1	1	
845	157	805	9	1	1	1	
846	157	805	9	1	1	1	
847	62	615	9	1	1	1	
848	157	805	9	1	1	1	
849	62	615	9	1	1	1	
850	157	805	9	1	1	1	
851	176	760	5	1	1	1	
852	176	760	5	1	1	1	
853	62	615	9	1	1	1	
854	157	805	9	1	1	1	
855	150	440	8	0	1	1	
856	157	805	9	1	1	1	
857	62	615	9	1	1	1	
858	62	615	9	1	1	1	
859	176	760	5	1	1	1	
860	62	615	9	1	1	1	
861	217	660	8	0	1	1	
862	217	660	8	0	1	1	
863	329	850	7	1	0	1	
864	217	660	8	0	1	1	
865	150	440	8	0	1	1	
866	144	695	7	0	1	1	
867	62	615	9	1	1	1	
868	329	850	7	1	0	1	
869	157	805	9	1	1	1	
870	282	310	10	1	1	1	
871	62	615	9	1	1	1	
872	176	760	5	1	1	1	
873	150	440	8	0	1	1	
874	157	805	9	1	1	1	
875	329	850	7	1	0	1	
876	329	850	7	1	0	1	
877	157	805	9	1	1	1	
878	176	760	5	1	1	1	
879	176	760	5	1	1	1	
880	176	760	5	1	1	1	
881	329	850	7	1	0	1	
882	62	615	9	1	1	1	
883	157	805	9	1	1	1	
884	217	660	8	0	1	1	
885	252	685	7	0	1	1	
886	176	760	5	1	1	1	
887	176	760	5	1	1	1	
888	58	765	9	0	1	1	
889	157	805	9	1	1	1	
890	62	615	9	1	1	1	
891	157	805	9	1	1	1	
892	329	850	7	1	0	1	
893	329	850	7	1	0	1	
894	252	685	7	0	1	1	
895	157	805	9	1	1	1	
896	176	760	5	1	1	1	
897	176	760	5	1	1	1	
898	62	615	9	1	1	1	
899	176	760	5	1	1	1	
900	157	805	9	1	1	1	
901	176	760	5	1	1	1	
902	329	850	7	1	0	1	
903	62	615	9	1	1	1	
904	62	615	9	1	1	1	
905	329	850	7	1	0	1	
906	176	760	5	1	1	1	
907	252	685	7	0	1	1	
908	157	805	9	1	1	1	
909	176	760	5	1	1	1	
910	157	805	9	1	1	1	
911	157	805	9	1	1	1	
912	252	685	7	0	1	1	
913	62	615	9	1	1	1	
914	176	760	5	1	1	1	
915	329	850	7	1	0	1	
916	176	760	5	1	1	1	
917	157	805	9	1	1	1	
918	62	615	9	1	1	1	
919	329	850	7	1	0	1	
920	157	805	9	1	1	1	
921	62	615	9	1	1	1	
922	157	805	9	1	1	1	
923	7	840	9	1	0	0	
924	329	850	7	1	0	1	
925	62	615	9	1	1	1	
926	176	760	5	1	1	1	
927	157	805	9	1	1	1	
928	176	760	5	1	1	1	
929	157	805	9	1	1	1	
930	252	685	7	0	1	1	
931	157	805	9	1	1	1	
932	329	850	7	1	0	1	
933	252	685	7	0	1	1	
934	176	760	5	1	1	1	
935	157	805	9	1	1	1	
936	217	660	8	0	1	1	
937	62	615	9	1	1	1	
938	144	695	7	0	1	1	
939	157	805	9	1	1	1	
940	62	615	9	1	1	1	
941	176	760	5	1	1	1	
942	62	615	9	1	1	1	
943	176	760	5	1	1	1	
944	62	615	9	1	1	1	
945	329	850	7	1	0	1	
946	62	615	9	1	1	1	
947	157	805	9	1	1	1	
948	58	765	9	0	1	1	
949	176	760	5	1	1	1	
950	329	850	7	1	0	1	
951	329	850	7	1	0	1	
952	62	615	9	1	1	1	
953	329	850	7	1	0	1	
954	176	760	5	1	1	1	
955	83	255	6	1	1	1	
956	176	760	5	1	1	1	
957	252	685	7	0	1	1	
958	176	760	5	1	1	1	
959	329	850	7	1	0	1	
960	157	805	9	1	1	1	
961	157	805	9	1	1	1	
962	176	760	5	1	1	1	
963	157	805	9	1	1	1	
964	176	760	5	1	1	1	
965	157	805	9	1	1	1	
966	176	760	5	1	1	1	
967	157	805	9	1	1	1	
968	150	440	8	0	1	1	
969	252	685	7	0	1	1	
970	1	510	9	0	1	1	
971	157	805	9	1	1	1	
972	62	615	9	1	1	1	
973	329	850	7	1	0	1	
974	157	805	9	1	1	1	
975	62	615	9	1	1	1	
976	329	850	7	1	0	1	
977	176	760	5	1	1	1	
978	252	685	7	0	1	1	
979	62	615	9	1	1	1	
980	176	760	5	1	1	1	
981	176	760	5	1	1	1	
982	252	685	7	0	1	1	
983	329	850	7	1	0	1	
984	252	685	7	0	1	1	
985	58	765	9	0	1	1	
986	329	850	7	1	0	1	
987	83	255	6	1	1	1	
988	329	850	7	1	0	1	
989	58	765	9	0	1	1	
990	157	805	9	1	1	1	
991	176	760	5	1	1	1	
992	157	805	9	1	1	1	
993	157	805	9	1	1	1	
994	329	850	7	1	0	1	
995	157	805	9	1	1	1	
996	62	615	9	1	1	1	
997	252	685	7	0	1	1	
998	157	805	9	1	1	1	
999	157	805	9	1	1	1	
1000	157	805	9	1	1	1	

