DATASET = ORTEC Late VeRoLog 2019
NAME = Instance 7

DAYS = 25
TRUCK_CAPACITY = 18
TRUCK_MAX_DISTANCE = 1360

TRUCK_DISTANCE_COST = 10000
TRUCK_DAY_COST = 100
TRUCK_COST = 10
TECHNICIAN_DISTANCE_COST = 1000
TECHNICIAN_DAY_COST = 10
TECHNICIAN_COST = 100

MACHINES = 4
    1     3   970
    2     6   100
    3     3   690
    4     5   830

LOCATIONS = 33
    1   220   341
    2   506   207
    3   548   757
    4   473   357
    5   300   543
    6   299   474
    7   533   361
    8   613   349
    9   278   369
   10   504   341
   11   232   439
   12   481   668
   13   628   366
   14   334   451
   15   648   465
   16   174   224
   17   268   511
   18   229   374
   19   359   359
   20   282   496
   21   552   698
   22   772   619
   23   668   405
   24   795   704
   25   262   477
   26   206   359
   27   680   523
   28   647   469
   29   534   417
   30   399   267
   31   276   609
   32   187   279
   33   203   370

REQUESTS = 75
    1     9     1     4     1     1
    2    14     2     5     1     2
    3    21     2     4     2     3
    4     2     2     7     3     2
    5    11     2     7     2     2
    6     4     3     5     2     2
    7     9     3     4     2     3
    8    24     4     5     4     1
    9    12     4     9     1     2
   10    25     4     6     4     2
   11     3     4     9     1     1
   12    20     4     6     2     1
   13     4     4     8     3     3
   14     3     5    10     2     2
   15    23     5     6     4     3
   16    23     5     7     3     2
   17     7     6     9     3     1
   18    20     6     7     4     2
   19    21     6     8     4     2
   20    16     6     9     4     3
   21    23     7    11     1     1
   22     3     7    10     2     3
   23    14     7    12     2     3
   24    13     7    10     2     2
   25    17     7    12     4     2
   26    11     8    11     3     2
   27    18     8    10     1     3
   28     2     8    10     1     3
   29    23     9    12     4     3
   30    12     9    11     1     1
   31    13     9    11     1     2
   32     2    10    15     2     1
   33    22    10    11     4     2
   34    19    10    15     3     3
   35    26    10    15     2     3
   36    25    10    14     3     3
   37     7    10    15     4     1
   38    10    10    15     3     2
   39     9    10    15     1     1
   40    24    11    13     2     2
   41    25    11    16     4     3
   42    13    11    13     3     3
   43    14    11    12     3     2
   44    11    12    15     4     3
   45    19    12    14     1     3
   46    13    12    16     3     1
   47    20    13    14     3     2
   48    25    13    14     4     3
   49     8    13    18     4     2
   50     5    13    15     2     3
   51    16    13    18     2     3
   52    11    13    14     1     2
   53    10    14    15     3     1
   54    25    14    17     2     2
   55     9    14    16     4     3
   56    25    14    19     3     2
   57    17    15    17     4     3
   58    11    15    18     4     2
   59    17    16    18     4     3
   60    17    16    19     2     2
   61    14    16    21     3     2
   62    20    16    17     4     2
   63     7    17    22     4     2
   64    19    17    18     4     3
   65     3    17    22     2     1
   66     3    18    20     4     2
   67    24    18    22     1     2
   68    15    18    21     1     1
   69    17    18    20     3     3
   70     6    18    21     2     2
   71    26    18    21     3     2
   72     6    19    22     2     3
   73    25    19    21     1     1
   74    15    19    22     2     3
   75    20    19    23     2     2

TECHNICIANS = 50
    1    12   960     7  0 0 0 1
    2    16   460    10  1 1 0 0
    3    17   330     9  0 0 1 0
    4    14   675     5  0 0 1 0
    5    22   630     9  1 1 0 1
    6    20   730     9  1 1 1 0
    7     2   720     7  0 1 1 1
    8     7   590     7  1 0 0 0
    9    22   530     9  1 1 1 0
   10    15   240    10  0 1 0 1
   11    15   375     7  0 0 0 1
   12     2   860     6  0 1 1 0
   13    20   410     6  0 1 1 0
   14    11   940     7  1 0 0 0
   15     1   190     5  1 1 0 0
   16     1   315     7  1 0 1 1
   17    15   355     5  0 0 0 1
   18     8   250     5  0 1 1 1
   19    27   150     6  0 0 0 1
   20     8   275     7  0 1 0 0
   21     4   440     6  0 1 0 0
   22    24   630     6  1 0 0 1
   23    28   645     5  0 1 0 1
   24     4   315    10  1 1 1 0
   25    16   605     5  0 0 0 1
   26    16   875     5  0 1 1 1
   27     1   245     9  0 0 1 1
   28     7   250    10  1 1 1 0
   29    13   830     9  0 0 1 0
   30    11   890    10  1 0 1 1
   31     1   570     8  0 0 1 0
   32    18   310     9  0 0 1 1
   33    13   445     9  1 0 0 0
   34     1   550     8  0 1 0 0
   35    23   110     5  0 1 1 1
   36    29   420     8  0 0 1 0
   37    30   505     8  1 1 1 0
   38    20   195     7  1 1 0 1
   39     5   635     9  0 1 0 0
   40    22   220     8  1 0 1 1
   41    25   595     6  0 0 1 1
   42    31   625     6  0 1 0 1
   43     2   575    10  0 1 1 1
   44     3   260     6  1 1 0 1
   45    32   585     8  1 1 0 1
   46    14   990     9  1 0 0 0
   47    12   255     7  0 1 0 0
   48     9   960     7  1 0 0 0
   49    33   515     7  0 0 1 1
   50    21   260    10  1 0 1 1

