DATASET = ORTEC Late VeRoLog 2019
NAME = Instance 1

DAYS = 15
TRUCK_CAPACITY = 18
TRUCK_MAX_DISTANCE = 1200

TRUCK_DISTANCE_COST = 100000
TRUCK_DAY_COST = 10
TRUCK_COST = 100000
TECHNICIAN_DISTANCE_COST = 10
TECHNICIAN_DAY_COST = 100000
TECHNICIAN_COST = 10

MACHINES = 3
    1     6   900
    2     8   575
    3     5   275

LOCATIONS = 30
    1   642   471
    2   393   438
    3   209   343
    4   188   382
    5   165   332
    6   407   366
    7   225   379
    8   502   475
    9   522   362
   10   243   289
   11   409   356
   12   281   375
   13   321   484
   14   524    29
   15   394   447
   16   490   713
   17   306   445
   18   506   650
   19   475   124
   20   353   223
   21   226   411
   22   408   376
   23   346   228
   24   663   723
   25   145   230
   26   308   562
   27   495   402
   28   305   704
   29   262   306
   30   233   381

REQUESTS = 75
    1     9     1     4     3     3
    2    21     1     5     1     3
    3    25     1     2     2     2
    4    26     2     7     1     2
    5     3     2     4     3     3
    6    20     2     3     3     3
    7     9     2     7     1     1
    8    18     2     5     1     2
    9     6     2     5     2     2
   10    25     3     7     3     3
   11    12     3     6     3     3
   12    11     3     4     2     1
   13    15     3     7     1     2
   14     3     3     6     2     1
   15     3     3     4     1     2
   16     4     3     5     2     2
   17     5     3     6     2     1
   18     5     3     8     1     1
   19     2     3     5     2     2
   20     2     4     8     3     2
   21    19     4     5     3     1
   22     2     4     8     1     3
   23     6     4     9     1     3
   24     6     4     9     1     3
   25    13     4     9     3     1
   26     6     4     6     1     3
   27    21     4     5     2     1
   28    21     4     9     3     1
   29    22     4     9     1     2
   30    16     4     8     2     1
   31    10     5     9     3     3
   32     9     5     9     2     1
   33     2     5     7     2     1
   34    16     5     9     2     2
   35    12     6     8     3     1
   36    16     6    10     3     1
   37    23     6     8     3     2
   38     2     6     7     3     1
   39    22     6     8     1     3
   40    10     6     7     2     1
   41    23     6     8     3     1
   42    23     6     7     2     1
   43    18     6    11     3     3
   44     8     6    11     1     2
   45    10     7     8     1     3
   46    10     7    11     3     3
   47    14     7    10     3     3
   48     6     7    12     1     3
   49    10     7    11     1     3
   50    26     7     8     2     2
   51    17     7     8     1     2
   52     8     7    11     2     2
   53    12     7     8     3     3
   54     5     7    12     3     1
   55    26     7    11     2     1
   56     4     7    10     2     2
   57     9     8    10     1     1
   58    26     8    12     1     1
   59    22     8     9     3     1
   60     9     8    12     3     2
   61    24     8     9     2     1
   62     7     8    11     2     2
   63     3     8    12     1     3
   64    13     8    13     3     3
   65     4     8    12     2     1
   66     4     8    11     2     1
   67     5     9    11     1     1
   68     6     9    11     1     2
   69     4     9    10     2     1
   70     4     9    13     1     3
   71    22     9    12     2     2
   72     6     9    14     3     1
   73    17     9    10     2     1
   74     6     9    14     2     2
   75    12     9    14     1     3

TECHNICIANS = 25
    1     1   730     8  1 1 1
    2    16   130     8  0 0 1
    3    11    40     7  1 0 0
    4    27   780     6  0 1 0
    5    24   900     7  0 1 0
    6     1   695     8  1 1 1
    7     7   430     8  0 0 1
    8    11   210     7  0 1 0
    9    22   215     5  1 1 1
   10     1   265     8  0 1 0
   11     2   435    10  1 0 1
   12    28   125     9  1 1 1
   13     2   505     7  0 0 1
   14    29   560     6  0 1 1
   15    20   435     9  1 0 1
   16     2   720     8  1 1 1
   17    19   670     6  0 1 0
   18    11   290    10  1 0 1
   19     1   160     6  1 0 1
   20    17   160     6  1 1 1
   21    10   440     5  0 1 1
   22    20   520    10  1 1 1
   23    30   560     8  0 1 1
   24    25   645     8  0 0 1
   25     1   825     7  0 1 1

