DATASET = ORTEC Early VeRoLog 2019
NAME = Instance 1

DAYS = 15
TRUCK_CAPACITY = 18
TRUCK_MAX_DISTANCE = 960

TRUCK_DISTANCE_COST = 100000
TRUCK_DAY_COST = 100
TRUCK_COST = 1000
TECHNICIAN_DISTANCE_COST = 10
TECHNICIAN_DAY_COST = 10000
TECHNICIAN_COST = 10

MACHINES = 3
    1     7   355
    2     3   175
    3     5   270

LOCATIONS = 54
    1   318   455
    2   239   318
    3   320   388
    4   702   558
    5   477   328
    6   220   299
    7   562   684
    8   264   502
    9   573   166
   10   329   455
   11   530   245
   12   266   310
   13   389   442
   14   309   445
   15   358   555
   16   539    31
   17   630   667
   18   511   643
   19   268   511
   20   371   449
   21   478   666
   22   362   436
   23   736   431
   24   345   301
   25   634   410
   26   300   475
   27   286   249
   28   554   104
   29   299   473
   30   305   489
   31   246   214
   32   236   416
   33   289   549
   34   488    24
   35   314   461
   36   310   461
   37   541    45
   38   240   328
   39   471   205
   40   340   637
   41   305   469
   42   209   372
   43   122   135
   44   179   336
   45   457   337
   46    36   161
   47   298   494
   48   631   363
   49   268   505
   50   493   303
   51   303   550
   52   201   333
   53   294   432
   54   729   685

REQUESTS = 150
    1    15     1     2     3     2
    2     2     1     5     1     2
    3     6     1     5     3     3
    4    51     1     6     2     2
    5    18     1     5     2     1
    6     7     1     3     3     3
    7    36     1     6     2     2
    8    26     1     5     3     3
    9    23     1     5     2     1
   10    24     1     6     1     1
   11    19     1     2     3     3
   12    38     1     6     3     1
   13     2     1     4     3     2
   14    39     1     5     1     2
   15    48     1     5     1     1
   16    38     1     3     2     1
   17    39     1     2     1     2
   18    41     1     6     1     1
   19    51     1     5     1     2
   20    29     1     2     3     3
   21    24     1     6     3     1
   22    34     1     4     3     3
   23    48     1     6     2     1
   24     8     2     7     2     2
   25    47     2     6     2     2
   26    37     2     3     3     3
   27    14     2     7     2     3
   28    46     2     3     2     3
   29    21     2     4     1     2
   30    19     2     4     1     2
   31    35     2     4     2     1
   32    46     2     3     2     3
   33    32     2     6     2     3
   34    15     2     3     3     1
   35    41     2     4     1     1
   36    26     2     6     2     1
   37    31     2     4     3     2
   38     9     2     6     1     2
   39    25     2     4     3     3
   40     5     2     6     1     2
   41    12     2     6     3     3
   42    41     2     6     2     3
   43    18     3     4     3     2
   44    15     3     4     3     3
   45    41     3     6     3     2
   46     2     3     7     1     2
   47    35     3     7     3     2
   48    49     3     8     2     3
   49     5     3     7     3     1
   50     7     3     6     2     1
   51     9     3     8     3     1
   52    42     3     5     3     3
   53    44     3     8     3     2
   54    13     3     4     1     2
   55    17     3     4     2     2
   56    33     3     5     3     1
   57    23     3     5     3     1
   58    24     4     6     3     2
   59    32     4     5     3     2
   60    15     4     7     2     1
   61    27     4     7     3     3
   62     7     4     6     2     2
   63    34     4     7     2     2
   64    15     4     9     3     3
   65    13     4     5     2     2
   66    36     4     7     3     2
   67    50     4     7     3     1
   68     9     4     5     3     1
   69    51     4     5     2     2
   70    22     4     8     1     2
   71    16     4     9     1     2
   72    11     5     6     1     1
   73    28     5     6     1     2
   74    50     5     9     2     3
   75    28     5     8     1     1
   76    33     5     8     3     3
   77    38     5     6     1     2
   78    23     5     7     1     2
   79    51     5     8     3     3
   80    24     5     9     3     2
   81    21     5    10     2     1
   82    22     5     7     3     1
   83    35     5     7     2     1
   84    21     5     9     3     3
   85    36     5     6     2     3
   86    29     5     9     1     2
   87     2     5     6     3     3
   88    21     5    10     1     1
   89    25     5     8     1     2
   90    10     5     9     1     1
   91    27     6    10     1     1
   92    49     6     7     1     1
   93    48     6     8     3     2
   94    12     6     8     1     2
   95    51     6     8     3     3
   96    30     6     8     1     1
   97    29     6    11     3     3
   98    46     6    11     2     3
   99    40     6    10     1     2
  100    19     6    11     1     1
  101    23     6    10     1     1
  102    45     6     8     3     2
  103    38     6     9     3     3
  104    26     6     8     3     3
  105    12     6    11     3     2
  106    16     7    12     3     3
  107    47     7    10     1     2
  108    36     7    11     1     2
  109    27     7    12     3     1
  110    27     7    10     2     3
  111    30     7     8     2     2
  112    38     7     8     2     1
  113    16     7     9     2     1
  114    29     7     8     3     3
  115    39     7     8     1     1
  116    26     7    12     1     1
  117    39     7    10     1     2
  118    51     7     8     3     1
  119    21     7    11     2     1
  120    36     7    10     1     1
  121    40     8    11     3     3
  122    14     8    13     2     1
  123    30     8    10     2     2
  124    37     8    10     1     1
  125    29     8     9     1     2
  126    27     8    10     2     3
  127    21     8    12     2     1
  128    20     8    11     1     1
  129    17     8    10     2     2
  130    50     8     9     2     2
  131    12     8    11     2     1
  132    11     8    10     3     1
  133    21     8    10     2     3
  134    48     9    12     2     3
  135     2     9    10     2     2
  136    19     9    10     2     3
  137    21     9    10     1     1
  138    26     9    12     2     1
  139    24     9    10     2     2
  140     7     9    10     3     1
  141    25     9    11     3     1
  142    26     9    14     1     2
  143    34     9    14     1     1
  144     8     9    10     1     1
  145    19     9    13     2     2
  146     5     9    13     3     2
  147    13     9    11     1     1
  148    42     9    12     2     3
  149    12     9    10     2     3
  150    27     9    11     3     1

TECHNICIANS = 25
    1    43   455    10  1 0 1
    2    30   470     7  0 0 1
    3    22   475     7  0 0 1
    4    25   785     5  1 1 1
    5    24   125     6  1 0 0
    6    10   610     8  1 0 0
    7    32   105     8  1 0 1
    8     1   620     8  1 0 1
    9    29   185     5  1 1 1
   10    52    80     8  1 1 1
   11     1   685     9  1 1 0
   12    53   860     5  0 1 1
   13    32   435     9  0 1 1
   14     1   930     9  0 1 0
   15     9   330    10  0 1 1
   16    32   350     5  1 0 0
   17    22   885     8  1 0 1
   18    13   190     7  1 0 1
   19     1   785     5  1 0 1
   20    49   490     6  1 1 1
   21    54   510     5  1 1 1
   22    44   755     5  0 0 1
   23    32   365     9  1 1 1
   24    41   610     7  1 1 0
   25    36   820     7  0 1 1

