DATASET = ORTEC Early VeRoLog 2019 - easy
NAME = Instance 21 easy

DAYS = 15
TRUCK_CAPACITY = 18
TRUCK_MAX_DISTANCE = 1010

TRUCK_DISTANCE_COST = 100
TRUCK_DAY_COST = 1000
TRUCK_COST = 100000
TECHNICIAN_DISTANCE_COST = 10000
TECHNICIAN_DAY_COST = 10
TECHNICIAN_COST = 10

MACHINES = 3
	1	3	475
	2	8	615
	3	5	855

LOCATIONS = 180
	1	317	469
	2	532	503
	3	258	350
	4	315	386
	5	497	570
	6	283	420
	7	295	311
	8	267	525
	9	399	271
	10	507	334
	11	460	441
	12	609	423
	13	242	375
	14	239	322
	15	528	524
	16	385	568
	17	530	21
	18	738	642
	19	447	520
	20	198	310
	21	638	698
	22	480	207
	23	480	232
	24	235	361
	25	316	320
	26	231	283
	27	275	369
	28	260	467
	29	235	421
	30	278	519
	31	589	404
	32	522	283
	33	230	320
	34	471	377
	35	388	766
	36	438	185
	37	512	734
	38	487	342
	39	277	367
	40	233	342
	41	669	338
	42	266	377
	43	256	466
	44	268	310
	45	373	371
	46	529	649
	47	273	452
	48	485	180
	49	360	232
	50	456	318
	51	298	509
	52	401	411
	53	560	28
	54	313	467
	55	448	497
	56	334	509
	57	234	357
	58	360	335
	59	434	363
	60	618	682
	61	342	386
	62	740	431
	63	244	328
	64	291	309
	65	204	321
	66	508	305
	67	542	604
	68	229	382
	69	458	715
	70	114	261
	71	193	378
	72	295	475
	73	318	428
	74	489	308
	75	563	673
	76	559	345
	77	714	634
	78	433	522
	79	361	589
	80	646	578
	81	319	472
	82	203	323
	83	384	476
	84	246	343
	85	319	463
	86	594	327
	87	183	372
	88	673	514
	89	187	370
	90	204	360
	91	472	729
	92	260	496
	93	255	213
	94	394	207
	95	560	37
	96	272	516
	97	735	592
	98	346	405
	99	570	224
	100	498	59
	101	333	444
	102	254	498
	103	493	571
	104	764	700
	105	539	431
	106	477	667
	107	557	507
	108	593	488
	109	636	757
	110	641	551
	111	588	570
	112	211	345
	113	328	499
	114	274	571
	115	534	421
	116	295	433
	117	290	462
	118	671	339
	119	157	311
	120	592	350
	121	584	353
	122	354	587
	123	273	452
	124	530	352
	125	271	526
	126	352	511
	127	337	491
	128	492	188
	129	669	722
	130	481	138
	131	375	441
	132	177	342
	133	310	343
	134	755	641
	135	400	258
	136	382	328
	137	319	472
	138	291	309
	139	200	319
	140	313	465
	141	192	376
	142	287	259
	143	695	439
	144	562	360
	145	398	259
	146	265	456
	147	293	557
	148	530	285
	149	245	339
	150	329	449
	151	669	431
	152	300	495
	153	227	417
	154	451	368
	155	417	163
	156	532	347
	157	562	499
	158	569	514
	159	291	312
	160	176	344
	161	503	716
	162	267	491
	163	471	371
	164	606	596
	165	553	438
	166	610	355
	167	260	502
	168	197	319
	169	318	464
	170	313	251
	171	377	566
	172	251	367
	173	313	474
	174	525	360
	175	365	380
	176	246	314
	177	25	179
	178	215	418
	179	721	422
	180	479	361

REQUESTS = 525
	1	173	1	5	3	2
	2	100	1	3	1	1
	3	87	1	5	1	3
	4	95	1	5	2	2
	5	77	1	5	2	2
	6	142	1	4	1	1
	7	159	1	5	2	2
	8	109	1	4	1	2
	9	80	1	5	3	1
	10	169	1	5	3	1
	11	19	1	4	1	1
	12	11	1	4	1	2
	13	152	1	4	3	2
	14	123	1	4	1	2
	15	107	1	4	2	1
	16	100	1	5	3	2
	17	149	1	4	1	2
	18	95	1	2	1	2
	19	85	1	2	1	2
	20	34	1	2	2	1
	21	90	1	2	3	2
	22	83	1	2	3	1
	23	37	1	3	3	2
	24	32	1	5	2	1
	25	2	1	5	1	3
	26	89	1	4	1	3
	27	170	1	6	2	2
	28	41	1	4	2	1
	29	157	1	2	3	2
	30	9	1	5	3	2
	31	87	1	2	3	2
	32	26	1	5	1	3
	33	7	1	3	1	1
	34	170	1	6	2	1
	35	83	1	2	1	2
	36	43	1	2	2	1
	37	63	1	5	1	3
	38	93	1	5	3	2
	39	53	1	5	3	3
	40	68	1	6	3	2
	41	110	1	5	2	2
	42	105	1	4	2	2
	43	83	1	5	1	3
	44	143	1	5	3	3
	45	94	1	2	2	2
	46	99	1	4	1	2
	47	156	1	4	1	2
	48	52	2	4	1	3
	49	38	2	6	2	2
	50	116	2	3	3	3
	51	14	2	4	2	1
	52	112	2	6	3	1
	53	143	2	3	1	3
	54	137	2	3	3	2
	55	104	2	3	2	1
	56	153	2	6	1	3
	57	35	2	6	3	1
	58	162	2	3	3	1
	59	13	2	3	2	2
	60	147	2	6	1	3
	61	25	2	5	1	3
	62	158	2	7	1	3
	63	150	2	6	1	1
	64	44	2	7	1	2
	65	53	2	7	2	2
	66	48	2	6	3	3
	67	85	2	4	1	2
	68	132	2	7	3	3
	69	13	2	6	1	3
	70	156	2	4	3	3
	71	14	2	6	3	1
	72	148	2	7	1	2
	73	81	2	7	1	3
	74	171	2	4	3	1
	75	167	2	5	2	2
	76	65	2	5	1	3
	77	28	2	7	1	2
	78	2	2	3	1	2
	79	167	2	5	2	1
	80	32	2	4	1	1
	81	138	2	5	1	2
	82	60	2	5	2	1
	83	108	2	6	3	2
	84	66	2	3	3	1
	85	151	2	7	3	2
	86	79	2	5	2	2
	87	104	2	6	1	1
	88	7	2	3	3	3
	89	150	2	7	3	2
	90	19	2	7	1	2
	91	116	2	6	3	2
	92	142	2	5	3	2
	93	46	2	5	1	1
	94	119	2	4	1	1
	95	176	2	6	3	2
	96	157	3	4	2	1
	97	20	3	7	1	2
	98	87	3	6	3	3
	99	21	3	7	1	3
	100	99	3	6	1	1
	101	98	3	7	1	2
	102	130	3	7	3	1
	103	157	3	5	1	3
	104	154	3	8	1	1
	105	7	3	7	3	1
	106	163	3	5	3	3
	107	136	3	6	3	3
	108	113	3	6	1	3
	109	69	3	4	3	2
	110	119	3	5	3	2
	111	111	3	7	3	3
	112	17	3	4	3	2
	113	47	3	4	2	1
	114	69	3	8	2	1
	115	175	3	7	1	2
	116	42	3	7	1	1
	117	135	3	4	2	2
	118	75	3	6	3	1
	119	118	3	5	2	1
	120	92	3	5	3	3
	121	162	3	6	2	2
	122	138	3	6	1	2
	123	86	3	5	1	3
	124	164	3	4	2	1
	125	149	3	7	3	1
	126	158	3	4	2	2
	127	139	3	4	1	3
	128	123	3	4	3	3
	129	50	3	8	1	3
	130	160	3	4	1	1
	131	74	3	6	1	3
	132	33	3	8	1	1
	133	73	3	6	2	1
	134	72	3	4	1	2
	135	69	3	7	3	1
	136	160	3	4	1	2
	137	11	3	5	3	3
	138	95	3	8	3	3
	139	128	3	7	1	3
	140	127	3	7	2	2
	141	114	3	6	1	1
	142	50	3	6	2	1
	143	130	3	7	1	3
	144	63	3	5	3	2
	145	97	3	5	1	2
	146	142	3	7	2	1
	147	6	3	4	2	1
	148	57	3	5	3	2
	149	109	3	4	3	1
	150	16	3	5	3	1
	151	163	3	8	1	3
	152	94	4	5	1	2
	153	127	4	7	3	2
	154	8	4	6	1	1
	155	53	4	9	1	1
	156	44	4	6	1	2
	157	116	4	5	2	2
	158	19	4	9	1	2
	159	61	4	7	2	1
	160	99	4	5	1	2
	161	93	4	7	2	1
	162	89	4	8	3	3
	163	2	4	6	2	1
	164	65	4	9	2	2
	165	102	4	6	2	1
	166	112	4	8	2	1
	167	8	4	5	3	1
	168	106	4	9	3	1
	169	158	4	8	3	1
	170	32	4	5	1	2
	171	110	4	8	3	2
	172	36	4	7	2	1
	173	169	4	9	1	3
	174	175	4	6	2	2
	175	105	4	9	1	3
	176	11	4	6	2	2
	177	49	4	5	2	2
	178	11	4	9	3	1
	179	89	4	9	2	2
	180	56	4	6	1	1
	181	51	4	6	2	2
	182	92	4	7	3	1
	183	109	4	9	2	2
	184	18	4	6	3	3
	185	37	4	7	3	1
	186	32	4	7	3	1
	187	114	4	7	1	3
	188	109	4	7	2	2
	189	9	4	6	2	2
	190	109	4	9	1	1
	191	173	4	9	1	3
	192	43	4	8	1	2
	193	137	4	7	3	1
	194	11	4	7	3	3
	195	46	4	8	3	3
	196	165	4	8	1	1
	197	116	4	5	3	3
	198	44	4	5	2	2
	199	174	4	9	3	1
	200	114	4	9	2	2
	201	175	4	6	2	2
	202	166	4	5	3	2
	203	16	4	9	1	2
	204	72	4	5	3	1
	205	167	4	5	1	1
	206	24	4	8	3	1
	207	125	4	8	2	2
	208	17	4	7	1	3
	209	133	4	7	1	2
	210	114	5	9	1	2
	211	15	5	10	1	1
	212	56	5	7	1	2
	213	52	5	9	2	1
	214	56	5	6	2	2
	215	104	5	10	3	2
	216	127	5	7	3	3
	217	83	5	6	3	2
	218	72	5	8	3	3
	219	153	5	10	2	2
	220	3	5	8	1	1
	221	105	5	9	2	2
	222	2	5	7	2	1
	223	108	5	9	1	2
	224	37	5	6	1	2
	225	120	5	9	1	2
	226	115	5	9	3	2
	227	15	5	7	2	1
	228	71	5	10	2	2
	229	64	5	8	3	1
	230	99	5	10	3	2
	231	80	5	6	1	1
	232	79	5	8	1	1
	233	21	5	8	1	3
	234	37	5	6	3	3
	235	165	5	6	1	1
	236	69	5	9	2	2
	237	46	5	8	1	1
	238	156	5	8	3	3
	239	6	5	7	1	2
	240	62	5	10	3	1
	241	16	5	6	2	2
	242	105	5	7	2	2
	243	115	5	7	3	1
	244	19	5	10	1	2
	245	68	5	10	3	1
	246	76	5	8	3	2
	247	21	5	9	3	3
	248	76	5	8	1	1
	249	149	5	7	3	3
	250	66	5	7	1	1
	251	71	5	6	1	1
	252	90	5	9	1	3
	253	2	5	7	3	3
	254	130	5	6	2	1
	255	76	5	9	1	2
	256	165	5	6	3	3
	257	132	5	8	1	3
	258	86	5	8	1	3
	259	167	5	7	1	3
	260	23	5	7	1	1
	261	90	5	6	3	2
	262	137	5	9	3	1
	263	118	5	9	3	2
	264	37	5	6	3	3
	265	112	5	9	1	2
	266	155	5	6	3	1
	267	134	5	7	2	2
	268	50	5	7	1	2
	269	51	5	7	3	3
	270	110	5	10	1	3
	271	12	5	10	3	1
	272	155	5	9	2	1
	273	137	5	6	3	1
	274	95	5	6	3	1
	275	27	6	11	2	2
	276	106	6	7	2	1
	277	8	6	7	2	1
	278	169	6	11	1	3
	279	23	6	9	1	2
	280	67	6	7	2	2
	281	5	6	9	1	2
	282	81	6	10	1	2
	283	34	6	11	3	2
	284	32	6	11	3	2
	285	124	6	10	3	1
	286	126	6	10	2	2
	287	16	6	9	3	1
	288	45	6	9	1	1
	289	107	6	11	3	3
	290	59	6	9	3	1
	291	176	6	11	2	2
	292	113	6	9	3	3
	293	153	6	8	3	3
	294	127	6	11	1	3
	295	97	6	10	3	3
	296	144	6	9	1	2
	297	25	6	8	1	2
	298	128	6	11	3	2
	299	16	6	8	2	2
	300	119	6	11	2	2
	301	123	6	7	3	1
	302	60	6	11	2	1
	303	33	6	9	1	3
	304	157	6	9	1	1
	305	85	6	7	1	2
	306	173	6	10	3	3
	307	72	6	8	2	2
	308	124	6	10	1	1
	309	143	6	11	1	2
	310	29	6	10	2	2
	311	11	6	9	3	1
	312	172	6	8	3	1
	313	164	6	10	3	1
	314	128	6	8	2	1
	315	70	6	11	3	3
	316	41	6	11	2	1
	317	156	6	10	1	3
	318	127	6	10	1	3
	319	67	6	7	1	1
	320	40	6	8	2	1
	321	176	6	7	3	1
	322	152	6	9	2	2
	323	66	6	9	2	1
	324	38	6	7	1	2
	325	19	6	10	1	2
	326	45	6	11	3	1
	327	109	6	10	3	1
	328	123	6	11	1	3
	329	81	6	10	3	1
	330	92	6	11	2	1
	331	141	6	7	1	2
	332	78	6	10	2	1
	333	118	6	8	1	3
	334	46	6	11	2	1
	335	151	6	10	3	1
	336	82	6	7	3	1
	337	33	6	9	2	1
	338	144	6	8	1	1
	339	32	6	7	1	2
	340	89	6	7	3	2
	341	70	6	8	1	3
	342	130	6	9	2	2
	343	160	6	7	1	2
	344	159	6	9	3	2
	345	23	6	7	3	3
	346	103	7	9	3	2
	347	54	7	12	1	3
	348	68	7	8	1	2
	349	43	7	9	2	2
	350	57	7	8	2	1
	351	71	7	11	3	1
	352	154	7	12	2	1
	353	69	7	10	3	3
	354	65	7	12	3	2
	355	98	7	9	3	2
	356	174	7	10	1	1
	357	140	7	8	3	1
	358	105	7	8	3	3
	359	98	7	12	1	2
	360	120	7	8	3	1
	361	41	7	10	3	1
	362	55	7	9	2	1
	363	87	7	9	2	1
	364	86	7	10	3	2
	365	28	7	12	1	2
	366	81	7	11	1	2
	367	97	7	11	1	1
	368	70	7	11	3	3
	369	98	7	8	1	1
	370	106	7	8	1	3
	371	104	7	11	3	1
	372	39	7	9	2	1
	373	161	7	10	2	1
	374	136	7	11	2	2
	375	154	7	10	3	1
	376	106	7	10	3	2
	377	153	7	12	2	2
	378	175	7	8	2	2
	379	74	7	12	3	3
	380	33	7	8	2	2
	381	37	7	10	2	1
	382	96	7	12	2	2
	383	167	7	9	3	1
	384	73	7	9	3	2
	385	171	7	8	1	2
	386	78	7	12	3	3
	387	174	7	12	1	1
	388	94	7	8	2	2
	389	173	7	8	3	1
	390	59	7	11	2	2
	391	24	7	8	1	1
	392	84	7	12	1	2
	393	145	7	9	2	1
	394	19	7	10	3	3
	395	24	7	10	2	2
	396	79	7	10	2	2
	397	122	7	12	1	2
	398	33	7	8	3	3
	399	162	7	11	1	3
	400	11	7	12	3	2
	401	154	7	10	1	3
	402	146	7	8	1	1
	403	46	7	11	3	1
	404	64	7	10	1	1
	405	58	7	9	2	2
	406	50	7	12	2	2
	407	157	7	8	3	3
	408	160	7	11	2	1
	409	157	7	12	3	1
	410	176	7	11	3	1
	411	55	7	8	1	3
	412	6	7	9	2	1
	413	169	7	11	2	1
	414	160	8	11	1	3
	415	104	8	11	2	2
	416	9	8	13	3	1
	417	66	8	11	2	1
	418	34	8	9	2	2
	419	67	8	10	1	2
	420	74	8	11	2	2
	421	138	8	12	2	1
	422	120	8	9	3	2
	423	23	8	11	2	1
	424	70	8	13	2	1
	425	3	8	10	1	1
	426	145	8	11	3	1
	427	52	8	9	1	1
	428	105	8	10	1	3
	429	129	8	11	1	3
	430	120	8	9	1	3
	431	47	8	13	1	1
	432	135	8	10	3	3
	433	82	8	10	1	2
	434	78	8	11	2	1
	435	47	8	11	1	2
	436	22	8	9	3	1
	437	64	8	12	1	1
	438	78	8	9	2	2
	439	54	8	11	2	1
	440	176	8	9	2	2
	441	15	8	11	2	2
	442	76	8	11	2	2
	443	83	8	11	1	2
	444	114	8	13	2	1
	445	24	8	13	3	2
	446	119	8	12	1	2
	447	107	8	9	1	1
	448	81	8	13	1	2
	449	122	8	9	2	2
	450	2	8	9	1	1
	451	158	8	12	2	2
	452	86	8	10	3	1
	453	60	8	13	3	1
	454	72	8	13	1	1
	455	111	8	12	2	2
	456	166	8	13	2	2
	457	9	8	12	1	2
	458	102	8	10	3	2
	459	94	8	13	1	3
	460	58	8	10	1	2
	461	71	8	11	1	3
	462	150	8	9	1	2
	463	168	9	10	3	1
	464	92	9	14	1	2
	465	173	9	14	3	1
	466	86	9	13	1	3
	467	75	9	11	1	1
	468	8	9	13	1	2
	469	26	9	10	1	1
	470	79	9	13	3	3
	471	101	9	10	1	2
	472	81	9	12	1	3
	473	45	9	12	3	1
	474	130	9	10	2	1
	475	114	9	13	2	2
	476	44	9	11	1	1
	477	124	9	14	2	1
	478	111	9	10	1	1
	479	163	9	13	2	1
	480	156	9	13	3	2
	481	55	9	10	1	3
	482	95	9	13	1	2
	483	132	9	11	2	2
	484	65	9	10	1	3
	485	27	9	14	1	1
	486	125	9	14	2	1
	487	5	9	10	1	2
	488	64	9	14	1	1
	489	116	9	13	2	2
	490	96	9	11	2	1
	491	66	9	13	2	2
	492	76	9	13	3	2
	493	80	9	13	2	2
	494	124	9	10	2	1
	495	59	9	13	3	3
	496	29	9	11	2	2
	497	88	9	10	2	2
	498	128	9	13	3	1
	499	134	9	13	3	1
	500	92	9	14	3	3
	501	153	9	13	3	1
	502	127	9	11	3	2
	503	85	9	12	3	3
	504	148	9	13	1	2
	505	132	9	13	3	2
	506	37	9	12	1	2
	507	171	9	14	3	2
	508	136	9	14	3	2
	509	112	9	11	2	2
	510	39	9	14	2	1
	511	71	9	13	3	1
	512	92	9	13	3	1
	513	7	9	13	1	2
	514	83	9	12	3	1
	515	28	9	13	2	1
	516	17	9	14	1	1
	517	88	9	14	3	2
	518	57	9	10	2	2
	519	92	9	12	2	2
	520	13	9	14	3	2
	521	19	9	14	3	3
	522	67	9	10	3	1
	523	88	9	10	2	2
	524	169	9	13	1	1
	525	35	9	12	1	3

TECHNICIANS = 550
1	75	895	6	1	1	1	
2	41	955	8	0	1	0	
3	177	840	10	1	1	1	
4	10	510	6	0	1	0	
5	103	665	9	1	1	1	
6	125	440	7	1	1	1	
7	154	485	10	1	1	1	
8	154	940	7	1	0	1	
9	1	905	6	1	0	0	
10	11	880	8	1	1	1	
11	133	140	8	1	1	0	
12	175	685	8	0	1	0	
13	160	740	8	1	1	1	
14	178	780	10	0	1	1	
15	179	230	6	1	0	0	
16	1	300	9	1	1	1	
17	106	295	6	1	1	0	
18	1	225	10	0	0	1	
19	180	275	10	1	1	1	
20	36	660	5	0	1	0	
21	146	565	7	1	0	1	
22	114	110	6	1	0	1	
23	1	315	8	1	1	1	
24	1	190	7	1	0	1	
25	1	260	9	0	0	1	
26	1	225	10	0	0	1	
27	154	940	7	1	0	1	
28	11	880	8	1	1	1	
29	11	880	8	1	1	1	
30	11	880	8	1	1	1	
31	177	840	10	1	1	1	
32	175	685	8	0	1	0	
33	154	940	7	1	0	1	
34	11	880	8	1	1	1	
35	154	485	10	1	1	1	
36	154	940	7	1	0	1	
37	154	940	7	1	0	1	
38	154	485	10	1	1	1	
39	11	880	8	1	1	1	
40	11	880	8	1	1	1	
41	11	880	8	1	1	1	
42	11	880	8	1	1	1	
43	154	940	7	1	0	1	
44	154	940	7	1	0	1	
45	11	880	8	1	1	1	
46	11	880	8	1	1	1	
47	11	880	8	1	1	1	
48	154	940	7	1	0	1	
49	175	685	8	0	1	0	
50	11	880	8	1	1	1	
51	154	940	7	1	0	1	
52	177	840	10	1	1	1	
53	154	485	10	1	1	1	
54	11	880	8	1	1	1	
55	11	880	8	1	1	1	
56	11	880	8	1	1	1	
57	154	940	7	1	0	1	
58	103	665	9	1	1	1	
59	36	660	5	0	1	0	
60	154	485	10	1	1	1	
61	175	685	8	0	1	0	
62	11	880	8	1	1	1	
63	154	940	7	1	0	1	
64	11	880	8	1	1	1	
65	154	940	7	1	0	1	
66	175	685	8	0	1	0	
67	11	880	8	1	1	1	
68	125	440	7	1	1	1	
69	11	880	8	1	1	1	
70	175	685	8	0	1	0	
71	11	880	8	1	1	1	
72	11	880	8	1	1	1	
73	11	880	8	1	1	1	
74	10	510	6	0	1	0	
75	11	880	8	1	1	1	
76	175	685	8	0	1	0	
77	11	880	8	1	1	1	
78	11	880	8	1	1	1	
79	178	780	10	0	1	1	
80	11	880	8	1	1	1	
81	11	880	8	1	1	1	
82	11	880	8	1	1	1	
83	154	485	10	1	1	1	
84	11	880	8	1	1	1	
85	11	880	8	1	1	1	
86	11	880	8	1	1	1	
87	154	940	7	1	0	1	
88	154	940	7	1	0	1	
89	11	880	8	1	1	1	
90	11	880	8	1	1	1	
91	154	940	7	1	0	1	
92	160	740	8	1	1	1	
93	11	880	8	1	1	1	
94	11	880	8	1	1	1	
95	154	940	7	1	0	1	
96	11	880	8	1	1	1	
97	160	740	8	1	1	1	
98	11	880	8	1	1	1	
99	11	880	8	1	1	1	
100	11	880	8	1	1	1	
101	11	880	8	1	1	1	
102	11	880	8	1	1	1	
103	11	880	8	1	1	1	
104	11	880	8	1	1	1	
105	11	880	8	1	1	1	
106	11	880	8	1	1	1	
107	11	880	8	1	1	1	
108	11	880	8	1	1	1	
109	178	780	10	0	1	1	
110	11	880	8	1	1	1	
111	11	880	8	1	1	1	
112	11	880	8	1	1	1	
113	11	880	8	1	1	1	
114	103	665	9	1	1	1	
115	11	880	8	1	1	1	
116	11	880	8	1	1	1	
117	11	880	8	1	1	1	
118	11	880	8	1	1	1	
119	160	740	8	1	1	1	
120	154	485	10	1	1	1	
121	11	880	8	1	1	1	
122	154	940	7	1	0	1	
123	11	880	8	1	1	1	
124	11	880	8	1	1	1	
125	154	940	7	1	0	1	
126	154	940	7	1	0	1	
127	154	485	10	1	1	1	
128	154	940	7	1	0	1	
129	11	880	8	1	1	1	
130	11	880	8	1	1	1	
131	154	940	7	1	0	1	
132	11	880	8	1	1	1	
133	11	880	8	1	1	1	
134	154	940	7	1	0	1	
135	11	880	8	1	1	1	
136	11	880	8	1	1	1	
137	11	880	8	1	1	1	
138	11	880	8	1	1	1	
139	11	880	8	1	1	1	
140	146	565	7	1	0	1	
141	11	880	8	1	1	1	
142	11	880	8	1	1	1	
143	11	880	8	1	1	1	
144	11	880	8	1	1	1	
145	154	940	7	1	0	1	
146	11	880	8	1	1	1	
147	11	880	8	1	1	1	
148	11	880	8	1	1	1	
149	11	880	8	1	1	1	
150	160	740	8	1	1	1	
151	11	880	8	1	1	1	
152	11	880	8	1	1	1	
153	154	940	7	1	0	1	
154	11	880	8	1	1	1	
155	11	880	8	1	1	1	
156	154	485	10	1	1	1	
157	11	880	8	1	1	1	
158	11	880	8	1	1	1	
159	11	880	8	1	1	1	
160	11	880	8	1	1	1	
161	11	880	8	1	1	1	
162	154	940	7	1	0	1	
163	11	880	8	1	1	1	
164	11	880	8	1	1	1	
165	154	485	10	1	1	1	
166	11	880	8	1	1	1	
167	160	740	8	1	1	1	
168	11	880	8	1	1	1	
169	11	880	8	1	1	1	
170	11	880	8	1	1	1	
171	11	880	8	1	1	1	
172	11	880	8	1	1	1	
173	11	880	8	1	1	1	
174	11	880	8	1	1	1	
175	178	780	10	0	1	1	
176	11	880	8	1	1	1	
177	11	880	8	1	1	1	
178	154	940	7	1	0	1	
179	154	485	10	1	1	1	
180	11	880	8	1	1	1	
181	11	880	8	1	1	1	
182	11	880	8	1	1	1	
183	11	880	8	1	1	1	
184	178	780	10	0	1	1	
185	11	880	8	1	1	1	
186	11	880	8	1	1	1	
187	177	840	10	1	1	1	
188	11	880	8	1	1	1	
189	177	840	10	1	1	1	
190	154	485	10	1	1	1	
191	11	880	8	1	1	1	
192	154	940	7	1	0	1	
193	154	940	7	1	0	1	
194	11	880	8	1	1	1	
195	11	880	8	1	1	1	
196	11	880	8	1	1	1	
197	175	685	8	0	1	0	
198	11	880	8	1	1	1	
199	154	485	10	1	1	1	
200	154	940	7	1	0	1	
201	154	485	10	1	1	1	
202	154	485	10	1	1	1	
203	11	880	8	1	1	1	
204	11	880	8	1	1	1	
205	11	880	8	1	1	1	
206	11	880	8	1	1	1	
207	11	880	8	1	1	1	
208	11	880	8	1	1	1	
209	11	880	8	1	1	1	
210	11	880	8	1	1	1	
211	11	880	8	1	1	1	
212	11	880	8	1	1	1	
213	11	880	8	1	1	1	
214	11	880	8	1	1	1	
215	11	880	8	1	1	1	
216	11	880	8	1	1	1	
217	11	880	8	1	1	1	
218	11	880	8	1	1	1	
219	11	880	8	1	1	1	
220	154	940	7	1	0	1	
221	11	880	8	1	1	1	
222	11	880	8	1	1	1	
223	11	880	8	1	1	1	
224	11	880	8	1	1	1	
225	11	880	8	1	1	1	
226	11	880	8	1	1	1	
227	11	880	8	1	1	1	
228	11	880	8	1	1	1	
229	11	880	8	1	1	1	
230	11	880	8	1	1	1	
231	11	880	8	1	1	1	
232	11	880	8	1	1	1	
233	11	880	8	1	1	1	
234	11	880	8	1	1	1	
235	11	880	8	1	1	1	
236	11	880	8	1	1	1	
237	125	440	7	1	1	1	
238	11	880	8	1	1	1	
239	11	880	8	1	1	1	
240	11	880	8	1	1	1	
241	11	880	8	1	1	1	
242	154	485	10	1	1	1	
243	154	485	10	1	1	1	
244	11	880	8	1	1	1	
245	11	880	8	1	1	1	
246	154	485	10	1	1	1	
247	11	880	8	1	1	1	
248	11	880	8	1	1	1	
249	11	880	8	1	1	1	
250	11	880	8	1	1	1	
251	11	880	8	1	1	1	
252	11	880	8	1	1	1	
253	11	880	8	1	1	1	
254	11	880	8	1	1	1	
255	11	880	8	1	1	1	
256	154	940	7	1	0	1	
257	11	880	8	1	1	1	
258	75	895	6	1	1	1	
259	154	940	7	1	0	1	
260	154	940	7	1	0	1	
261	11	880	8	1	1	1	
262	11	880	8	1	1	1	
263	154	940	7	1	0	1	
264	154	940	7	1	0	1	
265	11	880	8	1	1	1	
266	154	485	10	1	1	1	
267	11	880	8	1	1	1	
268	11	880	8	1	1	1	
269	154	485	10	1	1	1	
270	154	940	7	1	0	1	
271	11	880	8	1	1	1	
272	11	880	8	1	1	1	
273	11	880	8	1	1	1	
274	11	880	8	1	1	1	
275	11	880	8	1	1	1	
276	11	880	8	1	1	1	
277	154	940	7	1	0	1	
278	11	880	8	1	1	1	
279	36	660	5	0	1	0	
280	11	880	8	1	1	1	
281	11	880	8	1	1	1	
282	11	880	8	1	1	1	
283	11	880	8	1	1	1	
284	11	880	8	1	1	1	
285	154	940	7	1	0	1	
286	11	880	8	1	1	1	
287	11	880	8	1	1	1	
288	11	880	8	1	1	1	
289	11	880	8	1	1	1	
290	11	880	8	1	1	1	
291	154	940	7	1	0	1	
292	11	880	8	1	1	1	
293	154	940	7	1	0	1	
294	11	880	8	1	1	1	
295	11	880	8	1	1	1	
296	11	880	8	1	1	1	
297	11	880	8	1	1	1	
298	11	880	8	1	1	1	
299	11	880	8	1	1	1	
300	160	740	8	1	1	1	
301	11	880	8	1	1	1	
302	11	880	8	1	1	1	
303	1	190	7	1	0	1	
304	154	940	7	1	0	1	
305	11	880	8	1	1	1	
306	11	880	8	1	1	1	
307	11	880	8	1	1	1	
308	75	895	6	1	1	1	
309	154	940	7	1	0	1	
310	160	740	8	1	1	1	
311	11	880	8	1	1	1	
312	154	940	7	1	0	1	
313	146	565	7	1	0	1	
314	11	880	8	1	1	1	
315	103	665	9	1	1	1	
316	11	880	8	1	1	1	
317	11	880	8	1	1	1	
318	154	485	10	1	1	1	
319	11	880	8	1	1	1	
320	11	880	8	1	1	1	
321	11	880	8	1	1	1	
322	11	880	8	1	1	1	
323	154	940	7	1	0	1	
324	11	880	8	1	1	1	
325	11	880	8	1	1	1	
326	11	880	8	1	1	1	
327	106	295	6	1	1	0	
328	11	880	8	1	1	1	
329	154	485	10	1	1	1	
330	11	880	8	1	1	1	
331	11	880	8	1	1	1	
332	11	880	8	1	1	1	
333	11	880	8	1	1	1	
334	154	940	7	1	0	1	
335	11	880	8	1	1	1	
336	11	880	8	1	1	1	
337	75	895	6	1	1	1	
338	11	880	8	1	1	1	
339	11	880	8	1	1	1	
340	11	880	8	1	1	1	
341	11	880	8	1	1	1	
342	154	940	7	1	0	1	
343	11	880	8	1	1	1	
344	11	880	8	1	1	1	
345	36	660	5	0	1	0	
346	11	880	8	1	1	1	
347	11	880	8	1	1	1	
348	11	880	8	1	1	1	
349	160	740	8	1	1	1	
350	154	940	7	1	0	1	
351	154	485	10	1	1	1	
352	11	880	8	1	1	1	
353	154	940	7	1	0	1	
354	11	880	8	1	1	1	
355	11	880	8	1	1	1	
356	11	880	8	1	1	1	
357	11	880	8	1	1	1	
358	11	880	8	1	1	1	
359	11	880	8	1	1	1	
360	11	880	8	1	1	1	
361	11	880	8	1	1	1	
362	11	880	8	1	1	1	
363	154	940	7	1	0	1	
364	11	880	8	1	1	1	
365	11	880	8	1	1	1	
366	11	880	8	1	1	1	
367	11	880	8	1	1	1	
368	154	940	7	1	0	1	
369	177	840	10	1	1	1	
370	11	880	8	1	1	1	
371	11	880	8	1	1	1	
372	11	880	8	1	1	1	
373	11	880	8	1	1	1	
374	11	880	8	1	1	1	
375	36	660	5	0	1	0	
376	11	880	8	1	1	1	
377	11	880	8	1	1	1	
378	11	880	8	1	1	1	
379	11	880	8	1	1	1	
380	11	880	8	1	1	1	
381	160	740	8	1	1	1	
382	11	880	8	1	1	1	
383	11	880	8	1	1	1	
384	154	485	10	1	1	1	
385	11	880	8	1	1	1	
386	11	880	8	1	1	1	
387	36	660	5	0	1	0	
388	11	880	8	1	1	1	
389	11	880	8	1	1	1	
390	11	880	8	1	1	1	
391	154	940	7	1	0	1	
392	11	880	8	1	1	1	
393	154	940	7	1	0	1	
394	11	880	8	1	1	1	
395	11	880	8	1	1	1	
396	11	880	8	1	1	1	
397	11	880	8	1	1	1	
398	11	880	8	1	1	1	
399	11	880	8	1	1	1	
400	11	880	8	1	1	1	
401	154	940	7	1	0	1	
402	103	665	9	1	1	1	
403	11	880	8	1	1	1	
404	11	880	8	1	1	1	
405	11	880	8	1	1	1	
406	11	880	8	1	1	1	
407	11	880	8	1	1	1	
408	11	880	8	1	1	1	
409	11	880	8	1	1	1	
410	154	485	10	1	1	1	
411	11	880	8	1	1	1	
412	11	880	8	1	1	1	
413	11	880	8	1	1	1	
414	11	880	8	1	1	1	
415	11	880	8	1	1	1	
416	11	880	8	1	1	1	
417	11	880	8	1	1	1	
418	11	880	8	1	1	1	
419	11	880	8	1	1	1	
420	11	880	8	1	1	1	
421	103	665	9	1	1	1	
422	154	940	7	1	0	1	
423	11	880	8	1	1	1	
424	1	905	6	1	0	0	
425	11	880	8	1	1	1	
426	154	485	10	1	1	1	
427	11	880	8	1	1	1	
428	154	940	7	1	0	1	
429	11	880	8	1	1	1	
430	11	880	8	1	1	1	
431	11	880	8	1	1	1	
432	154	940	7	1	0	1	
433	11	880	8	1	1	1	
434	11	880	8	1	1	1	
435	154	940	7	1	0	1	
436	154	940	7	1	0	1	
437	178	780	10	0	1	1	
438	11	880	8	1	1	1	
439	11	880	8	1	1	1	
440	11	880	8	1	1	1	
441	11	880	8	1	1	1	
442	11	880	8	1	1	1	
443	11	880	8	1	1	1	
444	154	940	7	1	0	1	
445	103	665	9	1	1	1	
446	178	780	10	0	1	1	
447	11	880	8	1	1	1	
448	11	880	8	1	1	1	
449	11	880	8	1	1	1	
450	11	880	8	1	1	1	
451	11	880	8	1	1	1	
452	11	880	8	1	1	1	
453	11	880	8	1	1	1	
454	11	880	8	1	1	1	
455	11	880	8	1	1	1	
456	1	300	9	1	1	1	
457	11	880	8	1	1	1	
458	11	880	8	1	1	1	
459	11	880	8	1	1	1	
460	154	485	10	1	1	1	
461	11	880	8	1	1	1	
462	11	880	8	1	1	1	
463	160	740	8	1	1	1	
464	11	880	8	1	1	1	
465	154	485	10	1	1	1	
466	11	880	8	1	1	1	
467	154	485	10	1	1	1	
468	154	940	7	1	0	1	
469	11	880	8	1	1	1	
470	11	880	8	1	1	1	
471	11	880	8	1	1	1	
472	11	880	8	1	1	1	
473	154	485	10	1	1	1	
474	11	880	8	1	1	1	
475	11	880	8	1	1	1	
476	11	880	8	1	1	1	
477	11	880	8	1	1	1	
478	11	880	8	1	1	1	
479	11	880	8	1	1	1	
480	11	880	8	1	1	1	
481	11	880	8	1	1	1	
482	11	880	8	1	1	1	
483	11	880	8	1	1	1	
484	11	880	8	1	1	1	
485	11	880	8	1	1	1	
486	11	880	8	1	1	1	
487	11	880	8	1	1	1	
488	11	880	8	1	1	1	
489	11	880	8	1	1	1	
490	11	880	8	1	1	1	
491	154	940	7	1	0	1	
492	11	880	8	1	1	1	
493	75	895	6	1	1	1	
494	11	880	8	1	1	1	
495	11	880	8	1	1	1	
496	11	880	8	1	1	1	
497	1	300	9	1	1	1	
498	125	440	7	1	1	1	
499	11	880	8	1	1	1	
500	11	880	8	1	1	1	
501	11	880	8	1	1	1	
502	11	880	8	1	1	1	
503	11	880	8	1	1	1	
504	11	880	8	1	1	1	
505	11	880	8	1	1	1	
506	11	880	8	1	1	1	
507	11	880	8	1	1	1	
508	160	740	8	1	1	1	
509	160	740	8	1	1	1	
510	11	880	8	1	1	1	
511	160	740	8	1	1	1	
512	103	665	9	1	1	1	
513	154	485	10	1	1	1	
514	11	880	8	1	1	1	
515	11	880	8	1	1	1	
516	11	880	8	1	1	1	
517	11	880	8	1	1	1	
518	11	880	8	1	1	1	
519	11	880	8	1	1	1	
520	11	880	8	1	1	1	
521	11	880	8	1	1	1	
522	11	880	8	1	1	1	
523	154	940	7	1	0	1	
524	11	880	8	1	1	1	
525	154	940	7	1	0	1	
526	154	940	7	1	0	1	
527	11	880	8	1	1	1	
528	154	940	7	1	0	1	
529	11	880	8	1	1	1	
530	11	880	8	1	1	1	
531	154	940	7	1	0	1	
532	11	880	8	1	1	1	
533	11	880	8	1	1	1	
534	11	880	8	1	1	1	
535	160	740	8	1	1	1	
536	11	880	8	1	1	1	
537	11	880	8	1	1	1	
538	11	880	8	1	1	1	
539	11	880	8	1	1	1	
540	11	880	8	1	1	1	
541	11	880	8	1	1	1	
542	11	880	8	1	1	1	
543	11	880	8	1	1	1	
544	175	685	8	0	1	0	
545	11	880	8	1	1	1	
546	11	880	8	1	1	1	
547	11	880	8	1	1	1	
548	175	685	8	0	1	0	
549	11	880	8	1	1	1	
550	11	880	8	1	1	1	

