DATASET = ORTEC Late VeRoLog 2019
NAME = Instance 16

DAYS = 15
TRUCK_CAPACITY = 18
TRUCK_MAX_DISTANCE = 2000

TRUCK_DISTANCE_COST = 100000
TRUCK_DAY_COST = 10
TRUCK_COST = 1000
TECHNICIAN_DISTANCE_COST = 100000
TECHNICIAN_DAY_COST = 10000
TECHNICIAN_COST = 10

MACHINES = 3
    1     3   632
    2     7   623
    3     6    34

LOCATIONS = 255
    1   468   439
    2   252   257
    3   376   431
    4   226   337
    5   310   272
    6   331   448
    7   153   340
    8   358   385
    9   655   397
   10   295   267
   11   528   644
   12   402   462
   13   566   461
   14    46   179
   15   332   356
   16   363   255
   17   282   441
   18   500   790
   19   268   451
   20   545     5
   21   469   450
   22   430   330
   23   492    36
   24   773   616
   25   300   233
   26   280   376
   27   316   308
   28   195   393
   29   516   310
   30   384   464
   31   470   377
   32   652   725
   33   175   370
   34   550   421
   35   589   478
   36   464   460
   37   230   383
   38   464   417
   39   274   454
   40   356   559
   41   378   401
   42   375   388
   43   588   564
   44   238   332
   45   356   229
   46   359   240
   47   189   385
   48   506   475
   49   257   267
   50   620   693
   51   355   373
   52   354   266
   53   544    24
   54   360   227
   55    31   186
   56   514   327
   57   486   143
   58   568   687
   59   526   314
   60   397   569
   61   226   326
   62   261   481
   63   362   385
   64   587   491
   65   593   550
   66   184   387
   67   161   290
   68   564    32
   69   220   369
   70   274   315
   71   310   475
   72   706   472
   73   273   330
   74    36   161
   75   318   465
   76   324   464
   77   239   409
   78   240   472
   79    45   211
   80   489   364
   81   269   302
   82   415   216
   83   472   729
   84   201   387
   85   588   359
   86   414   412
   87   739   603
   88   457   193
   89   540   223
   90   468   388
   91   347   398
   92   300   448
   93   486   726
   94   307   475
   95   710   734
   96   442   427
   97   682   391
   98   595   403
   99   266   492
  100   591   615
  101   268   523
  102   305   468
  103   365   390
  104   301   544
  105   261   372
  106   267   476
  107   353   358
  108   244   333
  109   416   216
  110   365   182
  111   107   215
  112   524   483
  113   315   458
  114   526   399
  115   313   471
  116   512   361
  117   264   480
  118   311   472
  119   365   396
  120   462   731
  121    26   179
  122   545    36
  123   747   582
  124   324   533
  125   566   432
  126   435   192
  127   686   668
  128   316   486
  129   524   169
  130   679   527
  131   361   327
  132   333   458
  133   232   378
  134    23   148
  135   636   699
  136   319   561
  137   223   435
  138   371   445
  139   375   226
  140   608   647
  141   255   498
  142   317   464
  143   190   377
  144   456   365
  145   279   244
  146   302   577
  147   686   490
  148   622   339
  149   367   204
  150   544   464
  151   514   600
  152   270   320
  153   533   443
  154   270   508
  155   610   393
  156   656   363
  157   325   466
  158   549   255
  159   483   359
  160   240   317
  161   727   608
  162   544    19
  163   298   341
  164   539   422
  165   423   239
  166   397   378
  167   539   223
  168   315   483
  169   228   221
  170   335   457
  171   484   359
  172   505   714
  173   267   523
  174   625   330
  175   457   395
  176   359   551
  177   544   230
  178   556   366
  179   735   455
  180   357   242
  181   384   415
  182   347   368
  183   478   364
  184   184   373
  185   375   446
  186   488   395
  187   377   462
  188   370   447
  189   611   412
  190   210   321
  191   512   308
  192   273   484
  193   359   383
  194   313   491
  195   525   360
  196   560    36
  197   260   443
  198    92   136
  199   699   335
  200   638   562
  201   503   645
  202   295   469
  203   139   145
  204   192   381
  205   732   418
  206   215   338
  207   310   464
  208   201   335
  209   209   399
  210   358   388
  211   470   375
  212   171   363
  213   295   269
  214   674   402
  215   254   358
  216   263   352
  217   231   341
  218   559   502
  219   442   426
  220   473   208
  221   478   375
  222   394   414
  223   262   481
  224   331   464
  225   322   465
  226    22   215
  227   217   341
  228   670   715
  229   187   369
  230   203   364
  231   363   390
  232    95   285
  233   715   439
  234   573   514
  235   325   469
  236   319   466
  237   304   496
  238   668   719
  239   268   453
  240   291   438
  241   261   485
  242   621   644
  243   267   476
  244    97   245
  245   599   421
  246   376   373
  247   673   374
  248   477   352
  249   718   451
  250   202   194
  251   265   406
  252   463   741
  253   322   327
  254   665   703
  255   197   385

REQUESTS = 750
    1   244     1     6     3     2
    2    87     1     3     3     3
    3   240     1     5     3     2
    4   224     1     2     3     3
    5   195     1     6     2     2
    6   172     1     3     2     1
    7   173     1     3     1     2
    8   109     1     5     1     1
    9   161     1     2     2     1
   10     9     1     2     1     3
   11   188     1     5     1     2
   12     5     1     6     3     1
   13   250     1     3     3     1
   14   204     1     3     1     2
   15    46     1     6     2     2
   16   218     1     4     1     1
   17   128     1     5     3     2
   18    54     1     6     3     3
   19    82     1     2     2     1
   20   113     1     4     2     1
   21    54     1     5     3     2
   22   240     1     6     1     2
   23   142     1     2     1     3
   24    87     1     4     3     3
   25   123     1     6     2     2
   26   164     1     4     2     2
   27   111     1     2     2     2
   28    15     1     3     1     3
   29   199     1     2     1     1
   30   139     1     6     1     3
   31   225     1     2     1     1
   32   138     1     6     3     3
   33    18     1     4     1     1
   34   185     1     2     1     2
   35    64     1     2     3     1
   36    96     1     3     1     1
   37   220     1     3     3     3
   38   164     1     3     3     3
   39   159     1     5     1     2
   40   169     1     5     3     1
   41     5     1     5     2     1
   42   219     1     3     3     3
   43    70     1     6     1     3
   44    43     1     6     2     2
   45    57     1     3     1     2
   46   127     1     2     1     2
   47   121     1     6     1     2
   48    65     1     3     1     3
   49    27     1     5     3     1
   50   138     1     5     2     1
   51    72     1     4     2     2
   52    28     1     5     3     3
   53    54     1     6     2     1
   54   199     1     3     1     3
   55    79     1     2     2     1
   56    97     1     5     3     3
   57   235     1     4     3     1
   58   107     1     3     3     3
   59    37     1     2     3     2
   60   203     1     3     2     1
   61   161     1     4     2     2
   62   221     1     2     2     2
   63   214     1     5     3     2
   64    94     1     6     2     2
   65     2     1     2     2     2
   66   231     1     6     3     1
   67   157     1     5     3     2
   68   237     1     2     3     3
   69   106     1     3     1     2
   70   139     1     3     1     2
   71   186     1     4     2     1
   72   168     1     2     3     1
   73   119     1     2     1     2
   74    85     1     3     2     1
   75    35     1     2     1     2
   76   164     1     2     3     2
   77   172     1     4     2     1
   78   210     1     5     3     2
   79    83     1     4     2     1
   80   216     1     5     2     1
   81   248     1     5     1     1
   82    96     1     5     3     3
   83   217     1     4     1     3
   84    79     1     5     2     1
   85    73     1     5     2     2
   86    49     1     4     1     1
   87    69     1     2     3     2
   88   146     1     3     2     1
   89   141     1     4     1     1
   90    26     1     3     3     3
   91    96     1     5     2     2
   92   193     1     3     1     3
   93    94     1     4     3     2
   94    56     1     4     2     1
   95   102     2     5     3     1
   96    64     2     7     1     1
   97   120     2     3     3     3
   98    47     2     5     3     3
   99   207     2     6     3     2
  100   102     2     3     2     1
  101    85     2     5     3     2
  102   111     2     7     3     2
  103   121     2     5     2     2
  104     3     2     7     2     1
  105    20     2     6     2     1
  106   213     2     5     2     2
  107   181     2     5     3     2
  108   132     2     4     1     3
  109   118     2     7     3     3
  110   109     2     4     1     2
  111   112     2     5     1     1
  112   211     2     6     3     1
  113    27     2     7     2     1
  114   158     2     5     2     1
  115    88     2     3     3     3
  116     9     2     5     2     2
  117   182     2     4     1     1
  118    65     2     3     3     2
  119    24     2     3     1     3
  120   203     2     4     3     2
  121    54     2     6     3     2
  122   174     2     3     1     1
  123    51     2     5     3     1
  124   103     2     3     2     1
  125   211     2     3     2     2
  126   222     2     5     1     2
  127   235     2     6     1     1
  128   184     2     7     3     1
  129   247     2     5     2     2
  130   183     2     3     3     2
  131   106     2     6     3     1
  132   148     2     6     2     1
  133   228     2     7     3     3
  134    25     2     6     2     1
  135    82     2     4     3     2
  136   127     2     5     3     3
  137    82     2     6     3     3
  138    86     2     5     2     2
  139   109     2     3     1     3
  140   178     2     7     1     1
  141    93     2     4     2     2
  142    11     2     5     3     1
  143   200     2     6     3     3
  144   130     2     6     2     1
  145    12     2     6     2     2
  146   126     2     5     3     2
  147     7     2     3     1     1
  148   197     2     7     1     2
  149    76     2     6     3     2
  150    53     2     4     3     3
  151   102     2     6     2     2
  152    98     2     6     3     2
  153   195     2     6     1     3
  154    75     2     3     1     1
  155    66     2     3     2     2
  156   226     2     3     3     1
  157    64     2     5     1     1
  158    63     2     3     2     1
  159    45     2     4     3     3
  160   224     2     4     2     2
  161    28     2     6     1     2
  162   140     2     7     1     3
  163   204     2     4     1     2
  164   125     2     6     2     2
  165   230     2     5     2     2
  166   238     2     7     1     1
  167   153     2     3     3     3
  168   178     2     5     2     2
  169   128     2     6     2     2
  170    69     2     7     1     1
  171   235     2     3     1     1
  172    18     2     4     3     2
  173   247     2     6     3     1
  174    67     2     3     1     2
  175   115     2     6     1     3
  176   194     2     4     1     2
  177   238     2     3     3     1
  178    63     2     6     1     3
  179   205     3     5     2     2
  180    72     3     4     3     3
  181   118     3     8     1     1
  182   211     3     4     1     2
  183    85     3     4     1     1
  184   168     3     8     1     2
  185   153     3     4     3     3
  186   137     3     4     1     3
  187   140     3     7     2     1
  188    59     3     8     1     2
  189   187     3     4     3     1
  190   105     3     8     2     2
  191    86     3     7     1     3
  192   157     3     6     3     2
  193   170     3     6     1     3
  194   242     3     5     1     1
  195   247     3     7     3     3
  196    52     3     7     1     3
  197    32     3     5     2     1
  198    35     3     4     2     1
  199    21     3     4     1     1
  200   176     3     7     3     2
  201    70     3     5     2     1
  202    75     3     6     1     3
  203   107     3     8     1     2
  204   182     3     4     1     1
  205   240     3     5     1     3
  206   243     3     8     2     1
  207   205     3     7     1     2
  208   183     3     7     1     2
  209    37     3     6     2     2
  210    52     3     6     3     3
  211   245     3     7     3     2
  212    59     3     5     1     3
  213   102     3     6     2     2
  214    40     3     8     1     3
  215    62     3     5     1     3
  216    62     3     8     3     1
  217    15     3     6     1     1
  218   186     3     7     1     1
  219   121     3     8     2     1
  220   124     3     4     3     2
  221   121     3     4     1     1
  222   214     3     4     1     1
  223   232     3     7     2     1
  224   144     3     5     2     2
  225   146     3     4     3     3
  226   163     3     8     2     2
  227    28     3     6     3     2
  228   242     3     4     3     1
  229   204     3     6     2     2
  230    91     3     6     3     3
  231   148     3     6     3     3
  232   165     3     5     1     2
  233    35     3     5     2     2
  234   240     3     5     2     2
  235   204     3     7     3     2
  236   163     3     6     1     2
  237   117     3     4     1     2
  238   182     3     7     1     1
  239   180     3     7     2     1
  240    85     3     6     1     3
  241    12     3     6     1     3
  242   244     3     6     1     2
  243   245     3     6     2     1
  244   171     3     6     1     3
  245    93     3     8     1     2
  246   241     3     4     2     2
  247    26     3     8     1     2
  248   118     3     6     1     1
  249    92     3     7     1     3
  250   121     3     5     2     1
  251   193     3     5     1     1
  252    98     3     7     3     3
  253   180     3     7     2     2
  254   210     3     7     2     1
  255    32     3     7     3     3
  256    97     3     7     2     2
  257    99     4     7     2     2
  258   213     4     5     2     2
  259   125     4     8     1     3
  260   121     4     5     3     1
  261     9     4     6     3     2
  262    46     4     7     3     2
  263    40     4     9     2     1
  264   204     4     5     1     3
  265    65     4     9     2     2
  266    64     4     9     1     3
  267   128     4     5     2     1
  268   137     4     9     1     3
  269   121     4     9     1     2
  270   245     4     7     1     1
  271   238     4     8     1     3
  272   152     4     9     2     2
  273   204     4     7     2     1
  274   251     4     6     1     2
  275   140     4     9     2     2
  276    26     4     8     3     2
  277    81     4     6     1     3
  278    38     4     6     1     2
  279   237     4     8     1     2
  280   176     4     8     1     3
  281   127     4     9     1     3
  282   177     4     9     3     2
  283   116     4     5     1     2
  284   249     4     5     1     1
  285    98     4     5     2     1
  286   219     4     8     1     3
  287    73     4     5     2     2
  288   135     4     9     2     1
  289   245     4     9     3     2
  290   240     4     8     3     1
  291   145     4     6     3     1
  292   171     4     9     3     3
  293    17     4     5     3     1
  294    94     4     6     2     1
  295    85     4     9     2     2
  296   247     4     7     3     2
  297   180     4     7     1     2
  298   203     4     6     3     2
  299   103     4     5     1     3
  300    55     4     7     3     2
  301    70     4     7     1     1
  302   191     4     6     1     1
  303   201     4     7     3     2
  304    66     4     5     2     1
  305    46     4     8     1     2
  306    71     4     9     2     2
  307   172     4     8     2     2
  308    49     4     7     3     2
  309    80     4     9     3     3
  310   146     4     9     3     3
  311    46     4     7     3     3
  312   227     4     7     3     1
  313    70     4     5     1     2
  314    68     4     7     1     3
  315   165     4     5     1     1
  316   154     4     5     3     2
  317   244     4     6     2     2
  318   223     4     8     2     2
  319   178     4     9     2     2
  320    84     4     6     2     1
  321   196     4     5     3     3
  322   179     4     6     1     3
  323    22     4     9     3     3
  324    85     4     8     2     2
  325    85     4     9     2     2
  326     2     4     9     1     1
  327    62     4     5     3     1
  328   142     4     7     1     2
  329   140     4     5     2     2
  330    91     4     7     3     3
  331   170     4     8     3     3
  332   180     4     6     1     3
  333    67     4     9     2     1
  334    83     4     8     2     1
  335   187     4     9     3     3
  336   158     4     8     3     3
  337    91     4     7     2     1
  338   128     4     6     1     3
  339   108     4     8     3     2
  340   165     4     8     2     1
  341   222     4     6     1     1
  342    99     4     8     2     1
  343    49     4     9     3     2
  344   242     4     7     3     1
  345   126     4     8     3     3
  346    97     4     6     1     1
  347    48     4     6     2     1
  348     9     4     5     1     3
  349   248     5     8     1     1
  350    61     5    10     2     2
  351   139     5     8     3     3
  352   136     5    10     1     2
  353   109     5     8     2     1
  354    65     5     8     3     3
  355   225     5     6     3     2
  356   117     5     6     1     3
  357    22     5     6     1     1
  358   211     5    10     1     3
  359   100     5     8     1     1
  360   238     5     6     2     2
  361   245     5    10     1     2
  362   155     5     6     1     3
  363    53     5     7     3     3
  364     7     5     9     3     1
  365    23     5     7     1     3
  366   195     5     7     3     3
  367    94     5     7     2     1
  368    98     5     9     1     1
  369    38     5     6     3     3
  370   238     5     8     1     3
  371   204     5    10     3     1
  372   156     5     7     3     2
  373    34     5     6     1     1
  374    58     5     9     3     1
  375   134     5     8     3     1
  376   158     5     7     1     3
  377   251     5     6     2     1
  378   113     5    10     1     2
  379   196     5     9     1     1
  380   150     5     8     2     1
  381   140     5    10     2     2
  382   148     5    10     3     2
  383   218     5     9     2     2
  384   221     5     8     3     3
  385   133     5     9     3     2
  386    30     5     7     2     2
  387   118     5    10     2     2
  388    10     5     8     2     1
  389    40     5     6     2     2
  390   212     5     8     1     2
  391   120     5     8     2     2
  392    12     5     6     1     3
  393   184     5    10     2     2
  394   204     5     7     3     3
  395    76     5    10     1     2
  396    62     5     7     1     1
  397    54     5     6     3     1
  398   161     5     6     2     1
  399   250     5     8     3     3
  400    16     5     6     3     2
  401    76     5     8     3     3
  402   244     5     7     2     2
  403   167     5     9     3     3
  404   173     5     8     2     1
  405   101     5    10     1     3
  406    37     5    10     3     3
  407   172     5    10     3     2
  408   191     5    10     1     2
  409   216     5     8     1     1
  410    39     5     8     2     1
  411   138     5     8     3     3
  412   233     5    10     1     1
  413    49     5     9     2     1
  414    90     5     7     2     1
  415    90     5     9     1     3
  416   214     5     9     1     2
  417   186     5     9     3     1
  418    38     5     7     3     1
  419   250     5    10     3     3
  420    72     5     8     2     1
  421    12     5     6     3     3
  422   219     5     8     1     2
  423   146     5     9     3     3
  424    60     5     7     1     3
  425   124     5     8     2     2
  426    98     5     7     1     3
  427    10     5    10     2     1
  428   142     5     7     2     2
  429    60     5     9     2     2
  430   200     5     8     2     2
  431     7     6     8     2     1
  432     5     6    10     3     3
  433   146     6     7     3     1
  434   140     6    11     3     2
  435   138     6    10     1     2
  436    57     6    11     3     3
  437   180     6     7     3     2
  438   111     6    10     3     2
  439    32     6    11     3     2
  440   124     6     8     2     1
  441    93     6    10     1     2
  442   124     6    10     2     2
  443   157     6     9     3     2
  444   177     6     9     3     2
  445   130     6     8     1     2
  446   159     6     8     3     1
  447     2     6    10     2     2
  448   220     6    10     2     2
  449    36     6    11     2     2
  450    76     6     8     2     2
  451   177     6     9     2     1
  452   138     6    11     2     1
  453   177     6     7     1     2
  454   205     6    11     1     3
  455   129     6     9     1     2
  456    61     6    10     3     3
  457    11     6    10     1     1
  458   161     6    10     3     3
  459   118     6     8     1     2
  460    64     6     8     1     1
  461    13     6     9     2     2
  462    95     6     7     3     2
  463    19     6     7     3     2
  464   135     6     8     3     2
  465   107     6    11     2     2
  466    42     6     9     1     2
  467   108     6     8     3     2
  468   203     6    10     1     2
  469   121     6    10     1     2
  470   117     6    10     2     2
  471   211     6    11     1     3
  472   240     6    11     1     3
  473    39     6     9     1     1
  474    25     6    10     1     1
  475   151     6     7     2     2
  476   231     6    11     1     1
  477   154     6    10     2     1
  478    97     6    11     2     2
  479   163     6     7     2     2
  480    87     6     7     3     2
  481   233     6     8     1     3
  482    91     6    10     2     1
  483    89     6     7     3     1
  484    60     6     7     3     3
  485   189     6     7     3     1
  486    76     6    10     3     1
  487   200     6     9     3     3
  488    81     6     9     1     3
  489    62     6     7     2     2
  490   227     6    10     1     3
  491    66     6     9     3     1
  492   234     6     7     2     1
  493   216     6     9     1     2
  494   190     6     7     2     2
  495   228     6    11     1     1
  496    29     6     9     3     2
  497    57     6    10     1     1
  498     3     6     7     3     1
  499    31     6     9     2     1
  500    54     6     8     2     2
  501    94     6     7     3     1
  502   228     6     7     2     2
  503   138     6     8     2     1
  504    97     6    11     3     3
  505   198     7    11     3     2
  506   133     7    11     1     3
  507    94     7    10     1     1
  508    41     7    11     1     3
  509   159     7    10     3     1
  510   244     7    11     3     3
  511   165     7     9     3     2
  512   231     7    10     1     1
  513   238     7    11     1     1
  514   210     7    11     2     1
  515   122     7     9     1     1
  516   106     7     9     3     1
  517   185     7    10     1     2
  518   219     7     9     3     2
  519    51     7    12     2     2
  520     3     7    10     1     3
  521    22     7    10     3     1
  522   200     7     9     1     3
  523    65     7    11     1     1
  524    92     7     9     3     1
  525   231     7    12     3     3
  526   177     7    10     2     2
  527   162     7    11     3     1
  528   140     7    12     2     2
  529   184     7    11     3     1
  530   118     7     9     2     2
  531     9     7    11     3     2
  532    50     7    12     1     3
  533    30     7     9     3     1
  534   236     7    10     3     3
  535   221     7    10     1     3
  536     4     7     8     3     2
  537    40     7    11     2     1
  538   246     7     9     1     2
  539   158     7    12     3     2
  540    24     7    10     3     3
  541   224     7     9     2     2
  542   162     7     8     1     3
  543   154     7    10     3     2
  544    46     7     9     1     1
  545   135     7    12     3     3
  546    71     7    10     1     2
  547    82     7     9     2     2
  548   144     7     9     2     1
  549    73     7    12     3     1
  550   190     7    12     1     2
  551   177     7    12     3     3
  552   126     7     9     2     2
  553   222     7    11     2     1
  554    85     7    12     1     2
  555   158     7     8     1     1
  556   176     7     8     2     2
  557     9     7    10     3     3
  558    33     7     9     1     1
  559   150     7     9     1     2
  560   123     7     9     2     1
  561   197     7    11     1     3
  562   106     7     9     1     3
  563   244     7    12     3     3
  564   225     7    12     1     3
  565   112     7     9     1     2
  566    10     7    11     1     3
  567   192     7     8     2     2
  568    29     7    11     1     2
  569    67     7    11     3     2
  570   219     7     8     2     1
  571    95     7     8     1     1
  572    56     7    10     2     2
  573   152     7     9     3     3
  574   142     7     9     3     3
  575   116     7    11     3     2
  576    51     7     9     2     1
  577   132     7    12     1     3
  578   123     7    10     2     2
  579   245     7    10     3     3
  580   235     7    12     2     2
  581   251     7     8     2     1
  582   116     7    11     2     2
  583   134     7     8     3     2
  584   230     7    10     3     2
  585   114     7    12     1     2
  586   172     7     8     1     3
  587   238     7    10     2     1
  588    88     7    11     2     2
  589    11     7     9     3     1
  590   231     7     9     1     2
  591   187     7     8     2     2
  592    82     7    10     1     2
  593   159     7    11     2     1
  594   245     8    10     1     3
  595   120     8    12     3     1
  596   115     8    11     2     1
  597     8     8    11     2     1
  598    13     8    11     2     1
  599    91     8    10     2     1
  600   245     8    11     1     1
  601   166     8    10     1     3
  602   223     8    11     2     2
  603   101     8    11     2     2
  604   232     8    13     3     2
  605   205     8    13     3     1
  606    52     8    11     1     3
  607    70     8    12     3     1
  608   190     8    10     1     1
  609   104     8    11     2     1
  610    11     8    10     1     3
  611    72     8    13     2     2
  612   121     8    10     1     1
  613   238     8    13     3     3
  614    66     8    11     2     1
  615   123     8    10     3     3
  616   179     8    10     1     3
  617   146     8    10     1     3
  618   149     8    11     3     2
  619   181     8     9     3     2
  620   215     8    13     2     1
  621   113     8    13     3     3
  622    54     8    10     2     2
  623    33     8    12     3     2
  624   184     8    11     2     2
  625    62     8    11     2     2
  626   113     8    12     1     3
  627   172     8     9     2     2
  628   247     8    10     2     2
  629   208     8    13     3     2
  630   150     8    10     1     2
  631   224     8    11     1     1
  632   111     8    13     3     3
  633   195     8    10     1     3
  634   111     8    10     1     1
  635    12     8    10     2     1
  636   233     8     9     2     2
  637   217     8    13     2     1
  638   239     8    13     2     1
  639    50     8    11     3     1
  640   191     8    12     2     1
  641    57     8    10     2     2
  642   111     8    12     3     1
  643   134     8    11     2     2
  644    34     8    11     2     2
  645   164     8    13     1     1
  646   110     8     9     2     2
  647   205     8     9     3     3
  648    34     8    13     2     1
  649    40     8    13     2     1
  650    64     8    11     2     1
  651    24     8    10     2     1
  652    81     8    12     2     2
  653    68     8    10     3     2
  654   220     8    11     3     3
  655    46     8    12     1     2
  656   219     8    10     2     2
  657   163     8    13     3     1
  658   107     8    13     3     3
  659    20     8    10     2     1
  660   245     8    13     3     3
  661    85     8    12     2     1
  662     2     8    13     3     2
  663   205     8    12     2     2
  664   106     8     9     2     1
  665    52     8     9     2     1
  666   245     8    11     2     1
  667   140     8    12     3     3
  668    14     8    10     3     3
  669    74     8    13     3     2
  670   151     8    12     3     2
  671    18     8    10     2     1
  672   224     8     9     2     2
  673   142     8    10     2     2
  674   207     8    12     1     1
  675   119     8     9     2     2
  676    84     9    13     3     3
  677    92     9    13     2     2
  678    24     9    10     1     3
  679   170     9    11     3     2
  680     6     9    14     2     2
  681   230     9    13     2     2
  682   192     9    11     2     1
  683   162     9    10     3     1
  684    19     9    11     1     1
  685   191     9    14     2     2
  686   165     9    12     3     2
  687   193     9    12     3     2
  688   122     9    12     1     2
  689    98     9    11     3     2
  690   209     9    13     1     2
  691    36     9    11     1     2
  692    38     9    13     2     1
  693    80     9    11     2     1
  694    48     9    10     1     3
  695   158     9    10     1     1
  696    86     9    11     2     1
  697    19     9    13     1     2
  698   143     9    14     2     2
  699    57     9    13     3     1
  700    71     9    12     2     2
  701   231     9    13     3     1
  702    91     9    14     1     2
  703   126     9    11     1     1
  704   173     9    10     2     2
  705    81     9    11     3     2
  706   157     9    11     3     3
  707   227     9    12     1     2
  708   238     9    10     2     1
  709    78     9    13     2     1
  710    31     9    10     2     2
  711    22     9    13     2     1
  712    16     9    13     1     2
  713   126     9    11     1     3
  714   208     9    11     1     1
  715    39     9    10     2     1
  716    76     9    13     1     1
  717   203     9    14     1     1
  718   137     9    11     3     3
  719    88     9    12     2     1
  720    40     9    11     2     1
  721   141     9    13     1     3
  722    16     9    11     2     1
  723    37     9    11     1     2
  724   100     9    13     1     3
  725   236     9    10     3     3
  726   140     9    14     2     2
  727    92     9    12     2     1
  728    21     9    11     2     1
  729   144     9    10     2     2
  730   230     9    14     2     1
  731     3     9    13     1     3
  732   231     9    11     1     1
  733   212     9    12     2     2
  734   186     9    10     2     1
  735   186     9    11     2     1
  736   141     9    13     3     2
  737   151     9    14     2     1
  738    42     9    12     3     3
  739    41     9    14     1     1
  740    44     9    11     2     1
  741    83     9    14     1     2
  742   129     9    12     3     2
  743    20     9    14     1     1
  744   242     9    12     2     1
  745   198     9    13     3     2
  746   225     9    14     3     3
  747   163     9    12     3     1
  748    48     9    11     1     3
  749    83     9    10     1     3
  750   151     9    13     2     1

TECHNICIANS = 25
    1     1   483    10  0 1 1
    2     5   142     7  1 1 1
    3   133   408    10  0 1 1
    4   252   663     8  0 1 1
    5   247   926     9  1 1 1
    6   253   460     6  0 1 1
    7   173   287     5  0 0 1
    8     1   414     8  0 1 0
    9   175   590     6  1 0 0
   10   243   693     7  1 1 1
   11    42   446    10  1 1 1
   12   254   234     5  1 1 0
   13     1   484    10  1 1 1
   14     1   638     9  1 1 1
   15   140   199     7  1 1 0
   16   255   925     9  1 1 1
   17     8   759     8  0 1 1
   18     1   547     7  1 1 1
   19   243   746    10  0 1 1
   20    90   300     5  1 1 1
   21    12   482     6  0 0 1
   22     1   318     7  1 1 0
   23    31   528     6  1 0 0
   24   196   441     6  1 1 1
   25   210   166     8  0 1 0

